"V1","V2","V3","V4","V5","V6","V7","V8","V9","V10","V11","V12","V13","V14","V15","V16","V17","V18","V19","V20","V21","V22","V23","V24","V25","V26","V27","V28","V29","V30","V31","V32","V33","V34","V35","V36","V37","V38","V39","V40","V41","V42","V43","V44","V45","V46","V47","V48","V49","V50","V51","V52","V53","V54","V55","V56","V57","V58","V59","V60","V61","V62","V63","V64","V65","V66","V67","V68","V69","V70","V71","V72","V73","V74","V75","V76","V77","V78","V79","V80","V81","V82","V83","V84","V85","V86","V87","V88","V89","V90","V91","V92","V93","V94","V95","V96","V97","V98","V99","V100","V101","V102","V103","V104","V105","V106","V107","V108","V109","V110","V111","V112","V113","V114","V115","V116","V117","V118","V119","V120","V121","V122","V123","V124","V125","V126","V127","V128","V129","V130","V131","V132","V133","V134","V135","V136","V137","V138","V139","V140","V141","V142","V143","V144","V145","V146","V147","V148","V149","V150","V151","V152","V153","V154","V155","V156","V157","V158","V159","V160","V161","V162","V163","V164","V165","V166","V167","V168","V169","V170","V171","V172","V173","V174","V175"
0.0900807867302918,0.0629173548025876,0.0551489780050109,0.0558059939235151,0.054580246221861,0.0538895747324979,0.054455754183229,0.0537856774961842,0.0531520560036598,0.0538463868699529,0.0538826767311517,0.0532155448329934,0.0535891280377229,0.0539778849164655,0.053374523540947,0.0533745235409468,0.0539778849164652,0.0535891280377233,0.0532155448329939,0.0538826767311526,0.0538463868699534,0.0531520560036595,0.0537856774961822,0.0544557541832268,0.0538895747324964,0.0545802462218626,0.055805993923519,0.0551489780050159,0.0629173548025893,0.0900807867302888,NA,NA,NA,NA,NA,NA,NA,NA,NA,NA,NA,NA,NA,NA,NA,NA,NA,NA,NA,NA,NA,NA,NA,NA,NA,NA,NA,NA,NA,NA,NA,NA,NA,NA,NA,NA,NA,NA,NA,NA,NA,NA,NA,NA,NA,NA,NA,NA,NA,NA,NA,NA,NA,NA,NA,NA,NA,NA,NA,NA,NA,NA,NA,NA,NA,NA,NA,NA,NA,NA,NA,NA,NA,NA,NA,NA,NA,NA,NA,NA,NA,NA,NA,NA,NA,NA,NA,NA,NA,NA,NA,NA,NA,NA,NA,NA,NA,NA,NA,NA,NA,NA,NA,NA,NA,NA,NA,NA,NA,NA,NA,NA,NA,NA,NA,NA,NA,NA,NA,NA,NA,NA,NA,NA,NA,NA,NA,NA,NA,NA,NA,NA,NA,NA,NA,NA,NA,NA,NA,NA,NA,NA,NA,NA,NA
0.0505385055025907,0.0480758549546614,0.0456638104406763,0.0433108277614581,0.041027070109781,0.038824755313015,0.0367185407018238,0.0347259168370865,0.0328675498289057,0.0311674642206344,0.0296528966996143,0.0283535923984781,0.027300303726611,0.0265223571282889,0.0260444376805304,0.0258831702639786,0.0260444376805304,0.0265223571282889,0.027300303726611,0.0283535923984781,0.0296528966996142,0.0311674642206344,0.0328675498289057,0.0347259168370865,0.0367185407018238,0.038824755313015,0.041027070109781,0.0433108277614581,0.0456638104406763,0.0480758549546614,0.0505385055025908,NA,NA,NA,NA,NA,NA,NA,NA,NA,NA,NA,NA,NA,NA,NA,NA,NA,NA,NA,NA,NA,NA,NA,NA,NA,NA,NA,NA,NA,NA,NA,NA,NA,NA,NA,NA,NA,NA,NA,NA,NA,NA,NA,NA,NA,NA,NA,NA,NA,NA,NA,NA,NA,NA,NA,NA,NA,NA,NA,NA,NA,NA,NA,NA,NA,NA,NA,NA,NA,NA,NA,NA,NA,NA,NA,NA,NA,NA,NA,NA,NA,NA,NA,NA,NA,NA,NA,NA,NA,NA,NA,NA,NA,NA,NA,NA,NA,NA,NA,NA,NA,NA,NA,NA,NA,NA,NA,NA,NA,NA,NA,NA,NA,NA,NA,NA,NA,NA,NA,NA,NA,NA,NA,NA,NA,NA,NA,NA,NA,NA,NA,NA,NA,NA,NA,NA,NA,NA,NA,NA,NA,NA,NA,NA
0.04915035742153,0.046830621962782,0.0445567058875621,0.0423359928756887,0.0401773059415039,0.0380911918831823,0.0360902376212203,0.0341893985001932,0.0324062965104348,0.0307614125561014,0.0292780517849198,0.0279819137105022,0.0269000750557624,0.0260592391577993,0.0254832732827325,0.0251903523809367,0.0251903523809367,0.0254832732827325,0.0260592391577993,0.0269000750557624,0.0279819137105022,0.0292780517849198,0.0307614125561014,0.0324062965104348,0.0341893985001932,0.0360902376212203,0.0380911918831823,0.0401773059415039,0.0423359928756888,0.0445567058875621,0.0468306219627821,0.04915035742153,NA,NA,NA,NA,NA,NA,NA,NA,NA,NA,NA,NA,NA,NA,NA,NA,NA,NA,NA,NA,NA,NA,NA,NA,NA,NA,NA,NA,NA,NA,NA,NA,NA,NA,NA,NA,NA,NA,NA,NA,NA,NA,NA,NA,NA,NA,NA,NA,NA,NA,NA,NA,NA,NA,NA,NA,NA,NA,NA,NA,NA,NA,NA,NA,NA,NA,NA,NA,NA,NA,NA,NA,NA,NA,NA,NA,NA,NA,NA,NA,NA,NA,NA,NA,NA,NA,NA,NA,NA,NA,NA,NA,NA,NA,NA,NA,NA,NA,NA,NA,NA,NA,NA,NA,NA,NA,NA,NA,NA,NA,NA,NA,NA,NA,NA,NA,NA,NA,NA,NA,NA,NA,NA,NA,NA,NA,NA,NA,NA,NA,NA,NA,NA,NA,NA,NA,NA,NA,NA,NA,NA,NA,NA
0.0494360760231422,0.0467738256168352,0.0442403589075112,0.0418439519726915,0.0395882755785219,0.0374795861840436,0.0355249426124036,0.0337289644327458,0.0320964988174764,0.0306347538350612,0.0293504630536324,0.0282487179579829,0.0273357477920099,0.0266188043652039,0.0261028602847433,0.0257909133842217,0.0256863031633071,0.0257909133842233,0.0261028602847285,0.0266188043651978,0.0273357477920086,0.0282487179579748,0.0293504630536381,0.0306347538350672,0.0320964988174763,0.0337289644327522,0.0355249426124096,0.037479586184041,0.0395882755785232,0.0418439519726905,0.044240358907509,0.046773825616835,0.0494360760231409,NA,NA,NA,NA,NA,NA,NA,NA,NA,NA,NA,NA,NA,NA,NA,NA,NA,NA,NA,NA,NA,NA,NA,NA,NA,NA,NA,NA,NA,NA,NA,NA,NA,NA,NA,NA,NA,NA,NA,NA,NA,NA,NA,NA,NA,NA,NA,NA,NA,NA,NA,NA,NA,NA,NA,NA,NA,NA,NA,NA,NA,NA,NA,NA,NA,NA,NA,NA,NA,NA,NA,NA,NA,NA,NA,NA,NA,NA,NA,NA,NA,NA,NA,NA,NA,NA,NA,NA,NA,NA,NA,NA,NA,NA,NA,NA,NA,NA,NA,NA,NA,NA,NA,NA,NA,NA,NA,NA,NA,NA,NA,NA,NA,NA,NA,NA,NA,NA,NA,NA,NA,NA,NA,NA,NA,NA,NA,NA,NA,NA,NA,NA,NA,NA,NA,NA,NA,NA,NA,NA,NA,NA
0.0878712406205084,0.0601212748607304,0.0525464178478006,0.0552107883046974,0.054378888366586,0.0516767783906058,0.0521557837465615,0.0534816303992761,0.052509790722394,0.0514903928939813,0.0525062707644354,0.0531714322060084,0.0521234855968473,0.0516909176861935,0.0527526324242434,0.0529549166425152,0.0518897591770803,0.0518897591770798,0.052954916642516,0.0527526324242451,0.0516909176861937,0.0521234855968472,0.053171432206006,0.0525062707644316,0.0514903928939803,0.052509790722394,0.0534816303992795,0.0521557837465651,0.0516767783906073,0.0543788883665861,0.0552107883046934,0.0525464178477971,0.0601212748607288,0.087871240620511,NA,NA,NA,NA,NA,NA,NA,NA,NA,NA,NA,NA,NA,NA,NA,NA,NA,NA,NA,NA,NA,NA,NA,NA,NA,NA,NA,NA,NA,NA,NA,NA,NA,NA,NA,NA,NA,NA,NA,NA,NA,NA,NA,NA,NA,NA,NA,NA,NA,NA,NA,NA,NA,NA,NA,NA,NA,NA,NA,NA,NA,NA,NA,NA,NA,NA,NA,NA,NA,NA,NA,NA,NA,NA,NA,NA,NA,NA,NA,NA,NA,NA,NA,NA,NA,NA,NA,NA,NA,NA,NA,NA,NA,NA,NA,NA,NA,NA,NA,NA,NA,NA,NA,NA,NA,NA,NA,NA,NA,NA,NA,NA,NA,NA,NA,NA,NA,NA,NA,NA,NA,NA,NA,NA,NA,NA,NA,NA,NA,NA,NA,NA,NA,NA,NA,NA,NA,NA,NA,NA,NA
0.0610239890889786,0.0549206421711311,0.0496228948919537,0.0451970901134991,0.0416014419059823,0.0387895596348799,0.0367140738724982,0.0352678065695073,0.0343068586954153,0.0337179966848157,0.0334133664286808,0.0332937335858631,0.0332707009102021,0.03330175609685,0.0333658446111939,0.0334288561760904,0.0334628188233397,0.0334709494736802,0.0334628188233397,0.0334288561760905,0.033365844611194,0.03330175609685,0.0332707009102022,0.0332937335858631,0.0334133664286808,0.0337179966848158,0.0343068586954153,0.0352678065695072,0.0367140738724982,0.0387895596348799,0.0416014419059822,0.045197090113499,0.0496228948919535,0.054920642171131,0.0610239890889786,NA,NA,NA,NA,NA,NA,NA,NA,NA,NA,NA,NA,NA,NA,NA,NA,NA,NA,NA,NA,NA,NA,NA,NA,NA,NA,NA,NA,NA,NA,NA,NA,NA,NA,NA,NA,NA,NA,NA,NA,NA,NA,NA,NA,NA,NA,NA,NA,NA,NA,NA,NA,NA,NA,NA,NA,NA,NA,NA,NA,NA,NA,NA,NA,NA,NA,NA,NA,NA,NA,NA,NA,NA,NA,NA,NA,NA,NA,NA,NA,NA,NA,NA,NA,NA,NA,NA,NA,NA,NA,NA,NA,NA,NA,NA,NA,NA,NA,NA,NA,NA,NA,NA,NA,NA,NA,NA,NA,NA,NA,NA,NA,NA,NA,NA,NA,NA,NA,NA,NA,NA,NA,NA,NA,NA,NA,NA,NA,NA,NA,NA,NA,NA,NA,NA,NA,NA,NA,NA,NA
0.0620610909009321,0.055444049176899,0.0497660867655587,0.0451131176316904,0.0414229536846689,0.0386162372610494,0.0366219573450309,0.0353058532243065,0.0344835330850009,0.0340104853367983,0.0337954517824085,0.0337453736901335,0.0337665372414172,0.0338131382806928,0.0338800996304191,0.0339507262082692,0.0339940006935958,0.03400572473493,0.03400572473493,0.0339940006935958,0.0339507262082692,0.0338800996304191,0.0338131382806928,0.0337665372414173,0.0337453736901335,0.0337954517824085,0.0340104853367983,0.0344835330850008,0.0353058532243065,0.0366219573450309,0.0386162372610494,0.041422953684669,0.0451131176316905,0.0497660867655588,0.055444049176899,0.0620610909009321,NA,NA,NA,NA,NA,NA,NA,NA,NA,NA,NA,NA,NA,NA,NA,NA,NA,NA,NA,NA,NA,NA,NA,NA,NA,NA,NA,NA,NA,NA,NA,NA,NA,NA,NA,NA,NA,NA,NA,NA,NA,NA,NA,NA,NA,NA,NA,NA,NA,NA,NA,NA,NA,NA,NA,NA,NA,NA,NA,NA,NA,NA,NA,NA,NA,NA,NA,NA,NA,NA,NA,NA,NA,NA,NA,NA,NA,NA,NA,NA,NA,NA,NA,NA,NA,NA,NA,NA,NA,NA,NA,NA,NA,NA,NA,NA,NA,NA,NA,NA,NA,NA,NA,NA,NA,NA,NA,NA,NA,NA,NA,NA,NA,NA,NA,NA,NA,NA,NA,NA,NA,NA,NA,NA,NA,NA,NA,NA,NA,NA,NA,NA,NA,NA,NA,NA,NA,NA,NA
0.0608859937516643,0.0544591572638837,0.0489278182898238,0.0443816218610841,0.0407647058001788,0.0379961396289595,0.0360089683325594,0.0346859646224175,0.03385342298313,0.033362623127275,0.033123238541293,0.0330555221837351,0.0330700677367519,0.0331095827140841,0.0331650505783317,0.0332321351366087,0.0332845085661607,0.0333047540054401,0.0333068726372313,0.0333047540054401,0.0332845085661606,0.0332321351366087,0.0331650505783317,0.0331095827140841,0.0330700677367519,0.0330555221837351,0.033123238541293,0.0333626231272751,0.0338534229831301,0.0346859646224175,0.0360089683325595,0.0379961396289595,0.0407647058001788,0.044381621861084,0.0489278182898237,0.0544591572638837,0.0608859937516643,NA,NA,NA,NA,NA,NA,NA,NA,NA,NA,NA,NA,NA,NA,NA,NA,NA,NA,NA,NA,NA,NA,NA,NA,NA,NA,NA,NA,NA,NA,NA,NA,NA,NA,NA,NA,NA,NA,NA,NA,NA,NA,NA,NA,NA,NA,NA,NA,NA,NA,NA,NA,NA,NA,NA,NA,NA,NA,NA,NA,NA,NA,NA,NA,NA,NA,NA,NA,NA,NA,NA,NA,NA,NA,NA,NA,NA,NA,NA,NA,NA,NA,NA,NA,NA,NA,NA,NA,NA,NA,NA,NA,NA,NA,NA,NA,NA,NA,NA,NA,NA,NA,NA,NA,NA,NA,NA,NA,NA,NA,NA,NA,NA,NA,NA,NA,NA,NA,NA,NA,NA,NA,NA,NA,NA,NA,NA,NA,NA,NA,NA,NA,NA,NA,NA,NA,NA,NA
0.0616289416839235,0.0547863336616562,0.0489544663508663,0.044244799111177,0.0405832238218181,0.0378508869897303,0.0359525223637595,0.0347504281892366,0.0340410625957482,0.0336443964620546,0.0334618201853936,0.0334271705153766,0.0334589658093426,0.0334933626814205,0.0335227389235968,0.0335626068685621,0.0336013673372433,0.0336143581110643,0.0336075633622403,0.0336075633622403,0.0336143581110644,0.0336013673372434,0.0335626068685621,0.0335227389235969,0.0334933626814206,0.0334589658093427,0.0334271705153767,0.0334618201853936,0.0336443964620546,0.0340410625957482,0.0347504281892366,0.0359525223637595,0.0378508869897303,0.0405832238218182,0.0442447991111771,0.0489544663508663,0.0547863336616562,0.0616289416839235,NA,NA,NA,NA,NA,NA,NA,NA,NA,NA,NA,NA,NA,NA,NA,NA,NA,NA,NA,NA,NA,NA,NA,NA,NA,NA,NA,NA,NA,NA,NA,NA,NA,NA,NA,NA,NA,NA,NA,NA,NA,NA,NA,NA,NA,NA,NA,NA,NA,NA,NA,NA,NA,NA,NA,NA,NA,NA,NA,NA,NA,NA,NA,NA,NA,NA,NA,NA,NA,NA,NA,NA,NA,NA,NA,NA,NA,NA,NA,NA,NA,NA,NA,NA,NA,NA,NA,NA,NA,NA,NA,NA,NA,NA,NA,NA,NA,NA,NA,NA,NA,NA,NA,NA,NA,NA,NA,NA,NA,NA,NA,NA,NA,NA,NA,NA,NA,NA,NA,NA,NA,NA,NA,NA,NA,NA,NA,NA,NA,NA,NA,NA,NA,NA,NA,NA,NA
0.0591079970345868,0.053034961056718,0.0477706524474384,0.0434090333600865,0.0399091374532345,0.0371916725210446,0.035194951712048,0.0338315288794936,0.0329564671675356,0.0324204574725918,0.0321263151224916,0.0320107014921441,0.0320024241461511,0.0320327275857579,0.0320716775230383,0.0321220456509384,0.0321787063926407,0.0322184676032641,0.0322306328343871,0.0322305096223779,0.0322306328343871,0.0322184676032641,0.0321787063926407,0.0321220456509384,0.0320716775230383,0.0320327275857579,0.0320024241461512,0.0320107014921442,0.0321263151224917,0.0324204574725918,0.0329564671675356,0.0338315288794936,0.0351949517120481,0.0371916725210446,0.0399091374532345,0.0434090333600865,0.0477706524474383,0.0530349610567179,0.0591079970345866,NA,NA,NA,NA,NA,NA,NA,NA,NA,NA,NA,NA,NA,NA,NA,NA,NA,NA,NA,NA,NA,NA,NA,NA,NA,NA,NA,NA,NA,NA,NA,NA,NA,NA,NA,NA,NA,NA,NA,NA,NA,NA,NA,NA,NA,NA,NA,NA,NA,NA,NA,NA,NA,NA,NA,NA,NA,NA,NA,NA,NA,NA,NA,NA,NA,NA,NA,NA,NA,NA,NA,NA,NA,NA,NA,NA,NA,NA,NA,NA,NA,NA,NA,NA,NA,NA,NA,NA,NA,NA,NA,NA,NA,NA,NA,NA,NA,NA,NA,NA,NA,NA,NA,NA,NA,NA,NA,NA,NA,NA,NA,NA,NA,NA,NA,NA,NA,NA,NA,NA,NA,NA,NA,NA,NA,NA,NA,NA,NA,NA,NA,NA,NA,NA,NA,NA
0.0576553609430657,0.052429723397891,0.047798652210285,0.0438314510985348,0.0405137390928981,0.0378050706939631,0.035676454794523,0.0340862540113687,0.0329519850330077,0.0321726125788491,0.0316683597177341,0.0313818300180351,0.0312526281941609,0.0312155864254515,0.0312253193121909,0.0312647101328847,0.0313232879431154,0.0313800130596634,0.0314151475547141,0.0314277140924289,0.031427714092429,0.031415147554714,0.0313800130596629,0.0313232879431153,0.0312647101328848,0.0312253193121908,0.0312155864254516,0.0312526281941612,0.0313818300180351,0.0316683597177341,0.0321726125788493,0.0329519850330076,0.0340862540113685,0.0356764547945229,0.0378050706939631,0.040513739092898,0.0438314510985348,0.0477986522102851,0.0524297233978912,0.0576553609430659,NA,NA,NA,NA,NA,NA,NA,NA,NA,NA,NA,NA,NA,NA,NA,NA,NA,NA,NA,NA,NA,NA,NA,NA,NA,NA,NA,NA,NA,NA,NA,NA,NA,NA,NA,NA,NA,NA,NA,NA,NA,NA,NA,NA,NA,NA,NA,NA,NA,NA,NA,NA,NA,NA,NA,NA,NA,NA,NA,NA,NA,NA,NA,NA,NA,NA,NA,NA,NA,NA,NA,NA,NA,NA,NA,NA,NA,NA,NA,NA,NA,NA,NA,NA,NA,NA,NA,NA,NA,NA,NA,NA,NA,NA,NA,NA,NA,NA,NA,NA,NA,NA,NA,NA,NA,NA,NA,NA,NA,NA,NA,NA,NA,NA,NA,NA,NA,NA,NA,NA,NA,NA,NA,NA,NA,NA,NA,NA,NA,NA,NA,NA,NA,NA,NA
0.0578512098762846,0.0525060322299058,0.0477790825792535,0.0437476015840401,0.0403973477958482,0.037679919562972,0.0355583356993295,0.0339884889141841,0.0328858139396276,0.0321409233625318,0.0316639540267112,0.0313956349953372,0.0312812844422575,0.0312581301078463,0.0312759340832291,0.0313148207264086,0.0313708041917988,0.0314309700567912,0.0314743595464249,0.0314928928012945,0.0314964317748689,0.0314928928012946,0.0314743595464246,0.031430970056791,0.0313708041917988,0.0313148207264085,0.031275934083229,0.0312581301078464,0.0312812844422578,0.0313956349953372,0.0316639540267113,0.032140923362532,0.0328858139396276,0.0339884889141839,0.0355583356993295,0.0376799195629721,0.0403973477958483,0.0437476015840402,0.0477790825792535,0.0525060322299057,0.0578512098762842,NA,NA,NA,NA,NA,NA,NA,NA,NA,NA,NA,NA,NA,NA,NA,NA,NA,NA,NA,NA,NA,NA,NA,NA,NA,NA,NA,NA,NA,NA,NA,NA,NA,NA,NA,NA,NA,NA,NA,NA,NA,NA,NA,NA,NA,NA,NA,NA,NA,NA,NA,NA,NA,NA,NA,NA,NA,NA,NA,NA,NA,NA,NA,NA,NA,NA,NA,NA,NA,NA,NA,NA,NA,NA,NA,NA,NA,NA,NA,NA,NA,NA,NA,NA,NA,NA,NA,NA,NA,NA,NA,NA,NA,NA,NA,NA,NA,NA,NA,NA,NA,NA,NA,NA,NA,NA,NA,NA,NA,NA,NA,NA,NA,NA,NA,NA,NA,NA,NA,NA,NA,NA,NA,NA,NA,NA,NA,NA,NA,NA,NA,NA,NA,NA
0.0567278425318238,0.0516269827633467,0.0470939852066224,0.0432024664712115,0.0399440967753157,0.0372759517232529,0.035164086929346,0.0335728275495485,0.0324329820537625,0.0316472631205226,0.0311284917146442,0.0308180798730405,0.0306676879383668,0.0306212999373207,0.0306267417078602,0.030656417942402,0.0307041606210255,0.0307625669848157,0.0308133393137792,0.0308418275879929,0.0308507188541086,0.0308507188541085,0.030841827587993,0.0308133393137792,0.0307625669848156,0.0307041606210256,0.0306564179424021,0.0306267417078601,0.0306212999373208,0.0306676879383671,0.0308180798730406,0.0311284917146444,0.0316472631205229,0.0324329820537626,0.0335728275495485,0.0351640869293461,0.0372759517232529,0.0399440967753156,0.0432024664712115,0.0470939852066224,0.0516269827633468,0.0567278425318239,NA,NA,NA,NA,NA,NA,NA,NA,NA,NA,NA,NA,NA,NA,NA,NA,NA,NA,NA,NA,NA,NA,NA,NA,NA,NA,NA,NA,NA,NA,NA,NA,NA,NA,NA,NA,NA,NA,NA,NA,NA,NA,NA,NA,NA,NA,NA,NA,NA,NA,NA,NA,NA,NA,NA,NA,NA,NA,NA,NA,NA,NA,NA,NA,NA,NA,NA,NA,NA,NA,NA,NA,NA,NA,NA,NA,NA,NA,NA,NA,NA,NA,NA,NA,NA,NA,NA,NA,NA,NA,NA,NA,NA,NA,NA,NA,NA,NA,NA,NA,NA,NA,NA,NA,NA,NA,NA,NA,NA,NA,NA,NA,NA,NA,NA,NA,NA,NA,NA,NA,NA,NA,NA,NA,NA,NA,NA,NA,NA,NA,NA,NA,NA
0.0563295309611397,0.0512433391800873,0.0467227162514617,0.0428449260196406,0.0396041302564259,0.0369548095564374,0.0348583698002264,0.0332788637495399,0.03215094377686,0.03137809120656,0.0308682324743088,0.0305591244105412,0.0304059830229244,0.0303589151327578,0.0303658145222081,0.0303937159595881,0.0304348660411023,0.0304879487976731,0.0305405609344019,0.0305755595145509,0.0305888520243291,0.0305908604872323,0.0305888520243293,0.0305755595145509,0.0305405609344014,0.0304879487976728,0.0304348660411023,0.0303937159595877,0.0303658145222078,0.0303589151327584,0.0304059830229249,0.0305591244105411,0.0308682324743092,0.0313780912065605,0.0321509437768596,0.0332788637495394,0.0348583698002263,0.0369548095564372,0.0396041302564256,0.0428449260196407,0.0467227162514619,0.0512433391800873,0.05632953096114,NA,NA,NA,NA,NA,NA,NA,NA,NA,NA,NA,NA,NA,NA,NA,NA,NA,NA,NA,NA,NA,NA,NA,NA,NA,NA,NA,NA,NA,NA,NA,NA,NA,NA,NA,NA,NA,NA,NA,NA,NA,NA,NA,NA,NA,NA,NA,NA,NA,NA,NA,NA,NA,NA,NA,NA,NA,NA,NA,NA,NA,NA,NA,NA,NA,NA,NA,NA,NA,NA,NA,NA,NA,NA,NA,NA,NA,NA,NA,NA,NA,NA,NA,NA,NA,NA,NA,NA,NA,NA,NA,NA,NA,NA,NA,NA,NA,NA,NA,NA,NA,NA,NA,NA,NA,NA,NA,NA,NA,NA,NA,NA,NA,NA,NA,NA,NA,NA,NA,NA,NA,NA,NA,NA,NA,NA,NA,NA,NA,NA,NA,NA
0.0555865497711367,0.0505854432792745,0.0461347814769404,0.0423131303106914,0.0391179693425221,0.0365038528492589,0.0344295486757549,0.0328598891721413,0.0317356000330806,0.0309651248913227,0.0304550017604581,0.030139547273396,0.0299759609032699,0.029920839632958,0.0299247543654718,0.0299503024971634,0.0299851751419317,0.0300307643855499,0.0300814537962692,0.0301214054403003,0.0301403586126435,0.030144113793218,0.0301441137932181,0.0301403586126434,0.0301214054402999,0.030081453796269,0.03003076438555,0.0299851751419317,0.0299503024971633,0.0299247543654721,0.0299208396329582,0.02997596090327,0.030139547273396,0.0304550017604582,0.0309651248913227,0.0317356000330803,0.032859889172141,0.0344295486757548,0.0365038528492587,0.0391179693425218,0.0423131303106913,0.0461347814769405,0.0505854432792746,0.0555865497711371,NA,NA,NA,NA,NA,NA,NA,NA,NA,NA,NA,NA,NA,NA,NA,NA,NA,NA,NA,NA,NA,NA,NA,NA,NA,NA,NA,NA,NA,NA,NA,NA,NA,NA,NA,NA,NA,NA,NA,NA,NA,NA,NA,NA,NA,NA,NA,NA,NA,NA,NA,NA,NA,NA,NA,NA,NA,NA,NA,NA,NA,NA,NA,NA,NA,NA,NA,NA,NA,NA,NA,NA,NA,NA,NA,NA,NA,NA,NA,NA,NA,NA,NA,NA,NA,NA,NA,NA,NA,NA,NA,NA,NA,NA,NA,NA,NA,NA,NA,NA,NA,NA,NA,NA,NA,NA,NA,NA,NA,NA,NA,NA,NA,NA,NA,NA,NA,NA,NA,NA,NA,NA,NA,NA,NA,NA,NA,NA,NA,NA,NA
0.054782394339179,0.0498870738238332,0.0455230720877839,0.0417691808635564,0.0386263653969598,0.0360505342513261,0.0339988340433268,0.032436859467318,0.0313115607370057,0.0305380452516547,0.0300236454957601,0.0296994899044482,0.0295230270104261,0.0294564872663507,0.0294548296030564,0.0294781312863317,0.0295083952566045,0.0295464352346884,0.0295924134392294,0.0296347334428602,0.0296596985310309,0.029666568997382,0.0296665348617712,0.0296665689973818,0.0296596985310312,0.0296347334428608,0.0295924134392296,0.0295464352346883,0.0295083952566048,0.029478131286332,0.029454829603056,0.0294564872663501,0.029523027010426,0.0296994899044481,0.0300236454957596,0.0305380452516547,0.0313115607370063,0.0324368594673184,0.0339988340433268,0.0360505342513265,0.0386263653969601,0.0417691808635564,0.0455230720877836,0.0498870738238332,0.0547823943391788,NA,NA,NA,NA,NA,NA,NA,NA,NA,NA,NA,NA,NA,NA,NA,NA,NA,NA,NA,NA,NA,NA,NA,NA,NA,NA,NA,NA,NA,NA,NA,NA,NA,NA,NA,NA,NA,NA,NA,NA,NA,NA,NA,NA,NA,NA,NA,NA,NA,NA,NA,NA,NA,NA,NA,NA,NA,NA,NA,NA,NA,NA,NA,NA,NA,NA,NA,NA,NA,NA,NA,NA,NA,NA,NA,NA,NA,NA,NA,NA,NA,NA,NA,NA,NA,NA,NA,NA,NA,NA,NA,NA,NA,NA,NA,NA,NA,NA,NA,NA,NA,NA,NA,NA,NA,NA,NA,NA,NA,NA,NA,NA,NA,NA,NA,NA,NA,NA,NA,NA,NA,NA,NA,NA,NA,NA,NA,NA,NA,NA
0.054010603666614,0.0492547471792634,0.0450032218266756,0.0413330323961364,0.0382488020252859,0.0357099252988432,0.0336741259066194,0.032108753986334,0.0309678389890405,0.0301755754785964,0.0296433803408498,0.0293006610723557,0.029103809393769,0.0290190687888516,0.0290065239099401,0.0290258219924657,0.0290532243974656,0.0290858035210481,0.0291267190748152,0.02916971557018,0.0292009570377345,0.0292135611265716,0.0292145270464566,0.0292145270464562,0.0292135611265718,0.0292009570377362,0.0291697155701811,0.029126719074815,0.0290858035210481,0.0290532243974659,0.0290258219924653,0.0290065239099394,0.0290190687888514,0.029103809393769,0.0293006610723556,0.0296433803408496,0.0301755754785959,0.0309678389890403,0.0321087539863342,0.0336741259066192,0.0357099252988431,0.0382488020252867,0.0413330323961371,0.0450032218266755,0.0492547471792636,0.054010603666614,NA,NA,NA,NA,NA,NA,NA,NA,NA,NA,NA,NA,NA,NA,NA,NA,NA,NA,NA,NA,NA,NA,NA,NA,NA,NA,NA,NA,NA,NA,NA,NA,NA,NA,NA,NA,NA,NA,NA,NA,NA,NA,NA,NA,NA,NA,NA,NA,NA,NA,NA,NA,NA,NA,NA,NA,NA,NA,NA,NA,NA,NA,NA,NA,NA,NA,NA,NA,NA,NA,NA,NA,NA,NA,NA,NA,NA,NA,NA,NA,NA,NA,NA,NA,NA,NA,NA,NA,NA,NA,NA,NA,NA,NA,NA,NA,NA,NA,NA,NA,NA,NA,NA,NA,NA,NA,NA,NA,NA,NA,NA,NA,NA,NA,NA,NA,NA,NA,NA,NA,NA,NA,NA,NA,NA,NA,NA,NA,NA
0.0547501542881004,0.0498621816933677,0.0454979132571789,0.0417412462228667,0.0385994781801346,0.0360280225498459,0.0339768669070917,0.0324076717122299,0.0312730206142336,0.0304960161302823,0.029982879003036,0.0296553117802989,0.0294657306529843,0.0293831224213612,0.0293725684940734,0.0293943221247834,0.0294203692505151,0.0294449094008673,0.0294746263918605,0.0295101676924284,0.0295403396231008,0.0295540800138457,0.0295535039372123,0.0295509576385141,0.0295535039372126,0.0295540800138444,0.0295403396230994,0.0295101676924287,0.0294746263918609,0.0294449094008672,0.0294203692505161,0.0293943221247848,0.0293725684940733,0.0293831224213606,0.0294657306529844,0.0296553117802992,0.0299828790030359,0.0304960161302816,0.031273020614233,0.0324076717122295,0.0339768669070916,0.0360280225498454,0.0385994781801327,0.0417412462228659,0.0454979132571795,0.0498621816933674,0.0547501542881015,NA,NA,NA,NA,NA,NA,NA,NA,NA,NA,NA,NA,NA,NA,NA,NA,NA,NA,NA,NA,NA,NA,NA,NA,NA,NA,NA,NA,NA,NA,NA,NA,NA,NA,NA,NA,NA,NA,NA,NA,NA,NA,NA,NA,NA,NA,NA,NA,NA,NA,NA,NA,NA,NA,NA,NA,NA,NA,NA,NA,NA,NA,NA,NA,NA,NA,NA,NA,NA,NA,NA,NA,NA,NA,NA,NA,NA,NA,NA,NA,NA,NA,NA,NA,NA,NA,NA,NA,NA,NA,NA,NA,NA,NA,NA,NA,NA,NA,NA,NA,NA,NA,NA,NA,NA,NA,NA,NA,NA,NA,NA,NA,NA,NA,NA,NA,NA,NA,NA,NA,NA,NA,NA,NA,NA,NA,NA,NA
0.0587804012696408,0.0526679403884952,0.0473359890123404,0.0429302279414278,0.0394529371814801,0.0367964513517124,0.0348339604431449,0.0334683171686841,0.0326065981123018,0.0321221885443667,0.0318688732326304,0.0317331768738246,0.0316632372433825,0.0316461779428329,0.0316655103287964,0.0316863095878501,0.0316778294029724,0.0316395148851777,0.0315965714293669,0.0315697662091746,0.03155446306111,0.0315319612745028,0.0314972879663884,0.0314689541409688,0.0314689541409688,0.0314972879663884,0.0315319612745027,0.03155446306111,0.0315697662091747,0.0315965714293669,0.0316395148851778,0.0316778294029726,0.0316863095878499,0.0316655103287962,0.031646177942833,0.0316632372433825,0.0317331768738245,0.0318688732326307,0.0321221885443671,0.0326065981123018,0.0334683171686841,0.0348339604431451,0.0367964513517123,0.0394529371814795,0.0429302279414275,0.0473359890123404,0.0526679403884948,0.0587804012696407,NA,NA,NA,NA,NA,NA,NA,NA,NA,NA,NA,NA,NA,NA,NA,NA,NA,NA,NA,NA,NA,NA,NA,NA,NA,NA,NA,NA,NA,NA,NA,NA,NA,NA,NA,NA,NA,NA,NA,NA,NA,NA,NA,NA,NA,NA,NA,NA,NA,NA,NA,NA,NA,NA,NA,NA,NA,NA,NA,NA,NA,NA,NA,NA,NA,NA,NA,NA,NA,NA,NA,NA,NA,NA,NA,NA,NA,NA,NA,NA,NA,NA,NA,NA,NA,NA,NA,NA,NA,NA,NA,NA,NA,NA,NA,NA,NA,NA,NA,NA,NA,NA,NA,NA,NA,NA,NA,NA,NA,NA,NA,NA,NA,NA,NA,NA,NA,NA,NA,NA,NA,NA,NA,NA,NA,NA,NA
0.0549331789794694,0.0499676132339674,0.0455354547582567,0.0417291411988756,0.0385624800448211,0.035988356089986,0.0339460246387013,0.0323878583208578,0.0312662388582639,0.0305090330036134,0.0300213522399851,0.0297148603785916,0.0295324703102043,0.0294446798707157,0.0294272228806235,0.0294475025181032,0.0294729290158259,0.0294877521023475,0.0294967638764908,0.0295109124554087,0.0295306616550893,0.029544839751737,0.0295445052569033,0.0295344675363595,0.0295286361052205,0.0295344675363597,0.0295445052569033,0.0295448397517367,0.029530661655089,0.0295109124554087,0.0294967638764909,0.0294877521023473,0.0294729290158259,0.0294475025181037,0.0294272228806241,0.0294446798707159,0.0295324703102045,0.0297148603785922,0.0300213522399853,0.0305090330036128,0.0312662388582634,0.0323878583208577,0.0339460246387011,0.0359883560899855,0.0385624800448207,0.0417291411988757,0.0455354547582568,0.0499676132339673,0.0549331789794696,NA,NA,NA,NA,NA,NA,NA,NA,NA,NA,NA,NA,NA,NA,NA,NA,NA,NA,NA,NA,NA,NA,NA,NA,NA,NA,NA,NA,NA,NA,NA,NA,NA,NA,NA,NA,NA,NA,NA,NA,NA,NA,NA,NA,NA,NA,NA,NA,NA,NA,NA,NA,NA,NA,NA,NA,NA,NA,NA,NA,NA,NA,NA,NA,NA,NA,NA,NA,NA,NA,NA,NA,NA,NA,NA,NA,NA,NA,NA,NA,NA,NA,NA,NA,NA,NA,NA,NA,NA,NA,NA,NA,NA,NA,NA,NA,NA,NA,NA,NA,NA,NA,NA,NA,NA,NA,NA,NA,NA,NA,NA,NA,NA,NA,NA,NA,NA,NA,NA,NA,NA,NA,NA,NA,NA,NA
0.055999648945825,0.0506266024812325,0.0458687552787853,0.0418416049551805,0.0385623820364599,0.0359659254934951,0.0339637506140982,0.0324846506152423,0.031465633246366,0.0308217630867556,0.03044252927681,0.0302235100513685,0.0300986553278237,0.0300410031751644,0.030036244487657,0.0300598601890901,0.0300798590395841,0.0300769389767479,0.0300562340118051,0.0300365256570463,0.0300283944217958,0.0300245221320937,0.0300113171179557,0.0299873634888338,0.0299674140349404,0.0299674140349401,0.0299873634888338,0.0300113171179568,0.0300245221320949,0.0300283944217962,0.0300365256570462,0.0300562340118054,0.0300769389767484,0.030079859039584,0.0300598601890892,0.0300362444876563,0.0300410031751644,0.0300986553278233,0.0302235100513674,0.0304425292768094,0.0308217630867562,0.0314656332463669,0.0324846506152425,0.0339637506140984,0.0359659254934962,0.038562382036461,0.0418416049551805,0.0458687552787849,0.0506266024812326,0.0559996489458242,NA,NA,NA,NA,NA,NA,NA,NA,NA,NA,NA,NA,NA,NA,NA,NA,NA,NA,NA,NA,NA,NA,NA,NA,NA,NA,NA,NA,NA,NA,NA,NA,NA,NA,NA,NA,NA,NA,NA,NA,NA,NA,NA,NA,NA,NA,NA,NA,NA,NA,NA,NA,NA,NA,NA,NA,NA,NA,NA,NA,NA,NA,NA,NA,NA,NA,NA,NA,NA,NA,NA,NA,NA,NA,NA,NA,NA,NA,NA,NA,NA,NA,NA,NA,NA,NA,NA,NA,NA,NA,NA,NA,NA,NA,NA,NA,NA,NA,NA,NA,NA,NA,NA,NA,NA,NA,NA,NA,NA,NA,NA,NA,NA,NA,NA,NA,NA,NA,NA,NA,NA,NA,NA,NA,NA
0.0621744743641277,0.0548426701382473,0.0485751506674994,0.0436146265091015,0.0399698906864017,0.0374306856797617,0.035722600112308,0.034640017788948,0.0340489353869744,0.0338148895081973,0.0337726305404459,0.0337727957984312,0.0337425710885283,0.0336910279881632,0.0336551864375019,0.0336412883907623,0.0336156524837366,0.0335449903966041,0.0334363071964685,0.0333326812801647,0.0332707308353977,0.0332459547760641,0.033222721206196,0.0331764976031801,0.0331218860940412,0.0330970071685746,0.0331218860940402,0.0331764976031809,0.0332227212061986,0.0332459547760664,0.0332707308353981,0.0333326812801646,0.0334363071964699,0.0335449903966052,0.033615652483735,0.033641288390759,0.0336551864375004,0.0336910279881631,0.0337425710885264,0.0337727957984285,0.0337726305404462,0.0338148895082001,0.0340489353869763,0.0346400177889482,0.0357226001123091,0.0374306856797641,0.0399698906864032,0.0436146265091011,0.0485751506674989,0.0548426701382473,0.0621744743641261,NA,NA,NA,NA,NA,NA,NA,NA,NA,NA,NA,NA,NA,NA,NA,NA,NA,NA,NA,NA,NA,NA,NA,NA,NA,NA,NA,NA,NA,NA,NA,NA,NA,NA,NA,NA,NA,NA,NA,NA,NA,NA,NA,NA,NA,NA,NA,NA,NA,NA,NA,NA,NA,NA,NA,NA,NA,NA,NA,NA,NA,NA,NA,NA,NA,NA,NA,NA,NA,NA,NA,NA,NA,NA,NA,NA,NA,NA,NA,NA,NA,NA,NA,NA,NA,NA,NA,NA,NA,NA,NA,NA,NA,NA,NA,NA,NA,NA,NA,NA,NA,NA,NA,NA,NA,NA,NA,NA,NA,NA,NA,NA,NA,NA,NA,NA,NA,NA,NA,NA,NA,NA,NA,NA
0.0627353777213736,0.0550359470314113,0.0484991760602305,0.043407447516293,0.0397726685185609,0.0373390470226417,0.035765624482661,0.034799471692409,0.0342945309623406,0.0341258496058032,0.0341355319494076,0.0341686021011515,0.0341423400915282,0.0340672424190374,0.0339981781790754,0.0339634311620417,0.0339372291972334,0.0338746569152666,0.0337650088314948,0.0336464979372065,0.0335690894985931,0.0335454507571663,0.0335413527680224,0.0335143844705705,0.0334590704087792,0.0334118403049406,0.0334118403049398,0.0334590704087786,0.0335143844705721,0.0335413527680252,0.033545450757168,0.033569089498593,0.033646497937207,0.0337650088314967,0.0338746569152678,0.0339372291972314,0.0339634311620388,0.0339981781790747,0.0340672424190374,0.0341423400915262,0.0341686021011488,0.0341355319494076,0.0341258496058059,0.0342945309623426,0.0347994716924087,0.035765624482662,0.0373390470226449,0.0397726685185627,0.0434074475162922,0.0484991760602299,0.0550359470314117,0.0627353777213721,NA,NA,NA,NA,NA,NA,NA,NA,NA,NA,NA,NA,NA,NA,NA,NA,NA,NA,NA,NA,NA,NA,NA,NA,NA,NA,NA,NA,NA,NA,NA,NA,NA,NA,NA,NA,NA,NA,NA,NA,NA,NA,NA,NA,NA,NA,NA,NA,NA,NA,NA,NA,NA,NA,NA,NA,NA,NA,NA,NA,NA,NA,NA,NA,NA,NA,NA,NA,NA,NA,NA,NA,NA,NA,NA,NA,NA,NA,NA,NA,NA,NA,NA,NA,NA,NA,NA,NA,NA,NA,NA,NA,NA,NA,NA,NA,NA,NA,NA,NA,NA,NA,NA,NA,NA,NA,NA,NA,NA,NA,NA,NA,NA,NA,NA,NA,NA,NA,NA,NA,NA,NA,NA
0.059961301835804,0.0532316735337776,0.0474085056504221,0.0427032925447512,0.0391489746599416,0.0365963264537799,0.0348222319720998,0.0336426896815968,0.0329366651467032,0.0325966054807846,0.0324891099487691,0.0324746722798751,0.0324591178974534,0.0324195458713742,0.0323801023767391,0.0323618945446889,0.0323525197616838,0.0323186103753857,0.0322421670201837,0.0321411808841514,0.0320541909764086,0.0320049626980978,0.0319827557347736,0.0319573322569043,0.0319123409894269,0.0318630615624709,0.031841283453251,0.0318630615624715,0.0319123409894266,0.0319573322569026,0.0319827557347718,0.0320049626980975,0.0320541909764088,0.0321411808841506,0.0322421670201828,0.0323186103753867,0.0323525197616864,0.0323618945446904,0.0323801023767392,0.0324195458713749,0.0324591178974552,0.0324746722798755,0.0324891099487671,0.0325966054807827,0.0329366651467031,0.0336426896815966,0.0348222319720985,0.0365963264537787,0.0391489746599415,0.0427032925447515,0.047408505650422,0.0532316735337772,0.0599613018358043,NA,NA,NA,NA,NA,NA,NA,NA,NA,NA,NA,NA,NA,NA,NA,NA,NA,NA,NA,NA,NA,NA,NA,NA,NA,NA,NA,NA,NA,NA,NA,NA,NA,NA,NA,NA,NA,NA,NA,NA,NA,NA,NA,NA,NA,NA,NA,NA,NA,NA,NA,NA,NA,NA,NA,NA,NA,NA,NA,NA,NA,NA,NA,NA,NA,NA,NA,NA,NA,NA,NA,NA,NA,NA,NA,NA,NA,NA,NA,NA,NA,NA,NA,NA,NA,NA,NA,NA,NA,NA,NA,NA,NA,NA,NA,NA,NA,NA,NA,NA,NA,NA,NA,NA,NA,NA,NA,NA,NA,NA,NA,NA,NA,NA,NA,NA,NA,NA,NA,NA,NA,NA
0.057804768523107,0.0517863196395957,0.0465049600954632,0.0421267291481251,0.0386910988391956,0.0361054869711117,0.0342157629790556,0.0328851397006055,0.032016855499831,0.0315230688549785,0.031293928618855,0.0312072485587556,0.0311673499218217,0.0311322767623489,0.0311046194909318,0.031096584581984,0.0311011083419623,0.0310921129519347,0.0310482551864884,0.0309737377895448,0.0308953533791612,0.0308388993329733,0.0308077059890584,0.0307835521399069,0.0307480762902513,0.0307030945418706,0.0306701599908227,0.0306701599908239,0.0307030945418711,0.0307480762902483,0.0307835521399021,0.0308077059890558,0.0308388993329737,0.030895353379161,0.0309737377895422,0.0310482551864877,0.0310921129519393,0.0311011083419683,0.0310965845819856,0.0311046194909314,0.0311322767623516,0.0311673499218249,0.0312072485587535,0.0312939286188488,0.0315230688549745,0.0320168554998307,0.0328851397006046,0.0342157629790529,0.0361054869711097,0.038691098839196,0.0421267291481265,0.0465049600954638,0.051786319639596,0.0578047685231088,NA,NA,NA,NA,NA,NA,NA,NA,NA,NA,NA,NA,NA,NA,NA,NA,NA,NA,NA,NA,NA,NA,NA,NA,NA,NA,NA,NA,NA,NA,NA,NA,NA,NA,NA,NA,NA,NA,NA,NA,NA,NA,NA,NA,NA,NA,NA,NA,NA,NA,NA,NA,NA,NA,NA,NA,NA,NA,NA,NA,NA,NA,NA,NA,NA,NA,NA,NA,NA,NA,NA,NA,NA,NA,NA,NA,NA,NA,NA,NA,NA,NA,NA,NA,NA,NA,NA,NA,NA,NA,NA,NA,NA,NA,NA,NA,NA,NA,NA,NA,NA,NA,NA,NA,NA,NA,NA,NA,NA,NA,NA,NA,NA,NA,NA,NA,NA,NA,NA,NA,NA
0.0561135044002371,0.0506254217776526,0.0457583630217987,0.041648227292021,0.0383357876289446,0.0357605285522837,0.0338100387848801,0.0323787468592019,0.0313886934457668,0.0307688823039788,0.0304296404059918,0.0302655365502153,0.0301846239654939,0.0301348109941271,0.0301040443305018,0.0300965617739983,0.0301072446577443,0.030115061524754,0.0300975657134986,0.0300495721538504,0.0299872922219909,0.0299340265933603,0.0299006915840592,0.0298789524592696,0.0298526053121364,0.0298156700635818,0.0297799020726535,0.029764835522794,0.0297799020726567,0.029815670063579,0.0298526053121267,0.0298789524592602,0.0299006915840572,0.0299340265933622,0.0299872922219877,0.0300495721538451,0.0300975657135036,0.0301150615247689,0.0301072446577543,0.0300965617739977,0.0301040443305019,0.0301348109941339,0.0301846239654975,0.0302655365502079,0.0304296404059796,0.0307688823039724,0.0313886934457668,0.0323787468591999,0.0338100387848734,0.0357605285522795,0.0383357876289473,0.0416482272920251,0.0457583630217994,0.0506254217776527,0.0561135044002395,NA,NA,NA,NA,NA,NA,NA,NA,NA,NA,NA,NA,NA,NA,NA,NA,NA,NA,NA,NA,NA,NA,NA,NA,NA,NA,NA,NA,NA,NA,NA,NA,NA,NA,NA,NA,NA,NA,NA,NA,NA,NA,NA,NA,NA,NA,NA,NA,NA,NA,NA,NA,NA,NA,NA,NA,NA,NA,NA,NA,NA,NA,NA,NA,NA,NA,NA,NA,NA,NA,NA,NA,NA,NA,NA,NA,NA,NA,NA,NA,NA,NA,NA,NA,NA,NA,NA,NA,NA,NA,NA,NA,NA,NA,NA,NA,NA,NA,NA,NA,NA,NA,NA,NA,NA,NA,NA,NA,NA,NA,NA,NA,NA,NA,NA,NA,NA,NA,NA,NA
0.0560185128316225,0.0504730950577852,0.045559376707475,0.0414203535768374,0.0381022834922582,0.0355438291784147,0.0336242222393448,0.0322264646501728,0.0312649214154538,0.0306680721969997,0.0303500539258871,0.0302074968866863,0.0301454167257204,0.0301060063402505,0.0300744674709277,0.0300587117742118,0.0300614230465865,0.0300671805308027,0.0300523568837923,0.0300052658009178,0.0299366281855708,0.0298707855203955,0.0298257178777649,0.0297997451949837,0.0297764390545118,0.0297424815034592,0.0297017406044439,0.0296728729575588,0.0296728729575585,0.0297017406044435,0.0297424815034593,0.0297764390545129,0.0297997451949853,0.0298257178777657,0.0298707855203955,0.0299366281855716,0.0300052658009194,0.0300523568837929,0.0300671805308014,0.0300614230465847,0.0300587117742111,0.0300744674709276,0.0301060063402491,0.0301454167257182,0.0302074968866852,0.030350053925888,0.030668072197001,0.0312649214154537,0.0322264646501725,0.0336242222393459,0.0355438291784163,0.0381022834922585,0.041420353576837,0.0455593767074751,0.0504730950577858,0.0560185128316226,NA,NA,NA,NA,NA,NA,NA,NA,NA,NA,NA,NA,NA,NA,NA,NA,NA,NA,NA,NA,NA,NA,NA,NA,NA,NA,NA,NA,NA,NA,NA,NA,NA,NA,NA,NA,NA,NA,NA,NA,NA,NA,NA,NA,NA,NA,NA,NA,NA,NA,NA,NA,NA,NA,NA,NA,NA,NA,NA,NA,NA,NA,NA,NA,NA,NA,NA,NA,NA,NA,NA,NA,NA,NA,NA,NA,NA,NA,NA,NA,NA,NA,NA,NA,NA,NA,NA,NA,NA,NA,NA,NA,NA,NA,NA,NA,NA,NA,NA,NA,NA,NA,NA,NA,NA,NA,NA,NA,NA,NA,NA,NA,NA,NA,NA,NA,NA,NA,NA
0.0555459251378394,0.0500477579362964,0.0451713517026508,0.0410605873572137,0.0377660238303653,0.0352304418829888,0.0333329035039523,0.0319520829055262,0.0309986014805522,0.0304023777628852,0.0300836864546709,0.0299446426459844,0.02989021399523,0.0298573543622354,0.0298259734591198,0.0298038689914343,0.0297993234977401,0.029803364799106,0.0297937541655237,0.0297536700257651,0.0296866250279607,0.029614212599615,0.0295588721083698,0.0295267333667462,0.0295052789239733,0.0294772407437723,0.029437873626888,0.02940032930685,0.0293846603781545,0.0294003293068495,0.0294378736268879,0.0294772407437735,0.029505278923975,0.0295267333667472,0.0295588721083698,0.0296142125996151,0.0296866250279615,0.0297536700257659,0.0297937541655234,0.0298033647991051,0.0297993234977392,0.0298038689914341,0.0298259734591199,0.0298573543622346,0.0298902139952284,0.0299446426459836,0.0300836864546718,0.0304023777628864,0.0309986014805525,0.0319520829055263,0.0333329035039532,0.0352304418829899,0.0377660238303657,0.0410605873572133,0.0451713517026507,0.0500477579362968,0.055545925137839,NA,NA,NA,NA,NA,NA,NA,NA,NA,NA,NA,NA,NA,NA,NA,NA,NA,NA,NA,NA,NA,NA,NA,NA,NA,NA,NA,NA,NA,NA,NA,NA,NA,NA,NA,NA,NA,NA,NA,NA,NA,NA,NA,NA,NA,NA,NA,NA,NA,NA,NA,NA,NA,NA,NA,NA,NA,NA,NA,NA,NA,NA,NA,NA,NA,NA,NA,NA,NA,NA,NA,NA,NA,NA,NA,NA,NA,NA,NA,NA,NA,NA,NA,NA,NA,NA,NA,NA,NA,NA,NA,NA,NA,NA,NA,NA,NA,NA,NA,NA,NA,NA,NA,NA,NA,NA,NA,NA,NA,NA,NA,NA,NA,NA,NA,NA,NA,NA
0.0547530372075915,0.0495186787674984,0.0448495243734105,0.0408750031322847,0.0376457432653503,0.0351192198101811,0.0331943276183987,0.0317647090021794,0.0307493625161646,0.0300854000117451,0.029703309670494,0.0295160225289816,0.0294337657538866,0.029390111587808,0.0293561894965783,0.0293325045254284,0.0293263714226401,0.029333036383136,0.0293338524192019,0.0293099669884522,0.0292576743186778,0.0291917020375042,0.029133744635962,0.0290959754144043,0.0290733035814628,0.0290504841184665,0.0290174015265026,0.0289792048867596,0.0289527874698068,0.0289527874698069,0.0289792048867596,0.0290174015265025,0.0290504841184664,0.0290733035814628,0.0290959754144044,0.0291337446359621,0.0291917020375042,0.0292576743186777,0.0293099669884522,0.029333852419202,0.0293330363831359,0.0293263714226401,0.0293325045254283,0.0293561894965781,0.0293901115878076,0.0294337657538862,0.0295160225289817,0.0297033096704946,0.0300854000117457,0.0307493625161649,0.0317647090021798,0.0331943276183996,0.035119219810182,0.0376457432653505,0.0408750031322844,0.0448495243734099,0.0495186787674979,0.0547530372075901,NA,NA,NA,NA,NA,NA,NA,NA,NA,NA,NA,NA,NA,NA,NA,NA,NA,NA,NA,NA,NA,NA,NA,NA,NA,NA,NA,NA,NA,NA,NA,NA,NA,NA,NA,NA,NA,NA,NA,NA,NA,NA,NA,NA,NA,NA,NA,NA,NA,NA,NA,NA,NA,NA,NA,NA,NA,NA,NA,NA,NA,NA,NA,NA,NA,NA,NA,NA,NA,NA,NA,NA,NA,NA,NA,NA,NA,NA,NA,NA,NA,NA,NA,NA,NA,NA,NA,NA,NA,NA,NA,NA,NA,NA,NA,NA,NA,NA,NA,NA,NA,NA,NA,NA,NA,NA,NA,NA,NA,NA,NA,NA,NA,NA,NA,NA,NA
0.0544850272249977,0.0492870776661102,0.0446451779351476,0.0406889354626115,0.0374723779568985,0.0349571110143371,0.0330432747940698,0.0316219371351277,0.0306087369154337,0.029940773379384,0.0295529043523864,0.0293634852861001,0.0292846370206735,0.0292467628970994,0.0292156092733046,0.0291888201269,0.029175993116427,0.0291779813218014,0.0291802282428518,0.0291627625580173,0.0291162530039299,0.02904990730126,0.028984750389586,0.0289379246154366,0.0289108144455575,0.0288904672848444,0.028862597843289,0.0288250041770992,0.0287903285845164,0.0287760848212607,0.0287903285845157,0.028825004177099,0.0288625978432902,0.0288904672848464,0.0289108144455588,0.0289379246154368,0.028984750389586,0.0290499073012608,0.0291162530039314,0.0291627625580184,0.0291802282428514,0.0291779813218003,0.0291759931164263,0.0291888201269001,0.029215609273305,0.0292467628970987,0.029284637020672,0.0293634852860988,0.0295529043523861,0.0299407733793843,0.0306087369154335,0.031621937135127,0.033043274794069,0.0349571110143369,0.0374723779568988,0.0406889354626116,0.0446451779351473,0.0492870776661101,0.0544850272249983,NA,NA,NA,NA,NA,NA,NA,NA,NA,NA,NA,NA,NA,NA,NA,NA,NA,NA,NA,NA,NA,NA,NA,NA,NA,NA,NA,NA,NA,NA,NA,NA,NA,NA,NA,NA,NA,NA,NA,NA,NA,NA,NA,NA,NA,NA,NA,NA,NA,NA,NA,NA,NA,NA,NA,NA,NA,NA,NA,NA,NA,NA,NA,NA,NA,NA,NA,NA,NA,NA,NA,NA,NA,NA,NA,NA,NA,NA,NA,NA,NA,NA,NA,NA,NA,NA,NA,NA,NA,NA,NA,NA,NA,NA,NA,NA,NA,NA,NA,NA,NA,NA,NA,NA,NA,NA,NA,NA,NA,NA,NA,NA,NA,NA,NA,NA
0.0568706033834359,0.0509400556200006,0.0457047291858805,0.0413437990699678,0.037930622013781,0.0354001345597447,0.033590887843273,0.0323278710383491,0.0314813998697119,0.0309688270519844,0.0307196030603468,0.0306475216171036,0.0306558277165885,0.0306661090080603,0.0306430626546163,0.0305947723821951,0.0305489317756852,0.0305228204825717,0.0305083196188716,0.030480725180077,0.0304213593261781,0.0303344829520918,0.0302452668942588,0.0301810545379188,0.0301511262193018,0.0301411774258049,0.0301265683799532,0.0300931099153952,0.0300486370759229,0.0300165097382751,0.0300165097387215,0.0300486370764834,0.030093109914746,0.0301265683780495,0.0301411774240015,0.0301511262186608,0.0301810545380308,0.0302452668939753,0.0303344829510313,0.0304213593250657,0.0304807251798544,0.0305083196197385,0.0305228204836707,0.0305489317761106,0.030594772382112,0.0306430626548944,0.0306661090090845,0.030655827717867,0.0306475216178506,0.0307196030603749,0.0309688270517996,0.031481399869785,0.0323278710386737,0.0335908878436429,0.0354001345598742,0.0379306220135386,0.0413437990696505,0.0457047291858331,0.05094005562003,0.0568706033829144,NA,NA,NA,NA,NA,NA,NA,NA,NA,NA,NA,NA,NA,NA,NA,NA,NA,NA,NA,NA,NA,NA,NA,NA,NA,NA,NA,NA,NA,NA,NA,NA,NA,NA,NA,NA,NA,NA,NA,NA,NA,NA,NA,NA,NA,NA,NA,NA,NA,NA,NA,NA,NA,NA,NA,NA,NA,NA,NA,NA,NA,NA,NA,NA,NA,NA,NA,NA,NA,NA,NA,NA,NA,NA,NA,NA,NA,NA,NA,NA,NA,NA,NA,NA,NA,NA,NA,NA,NA,NA,NA,NA,NA,NA,NA,NA,NA,NA,NA,NA,NA,NA,NA,NA,NA,NA,NA,NA,NA,NA,NA,NA,NA,NA,NA
0.0587405375256245,0.0520709773017221,0.0462539872077199,0.0415316532956182,0.0380005303421858,0.035554283782545,0.0339421804536623,0.0328990041065034,0.032240938400411,0.0318720724129898,0.0317310147027243,0.0317411566808547,0.0318050423674313,0.0318369652981513,0.0317986609875402,0.0317075658148381,0.0316116931714323,0.0315493788811939,0.031522381998329,0.0315002127685792,0.0314490745110028,0.031360882949166,0.0312602777178564,0.0311855791501659,0.0311591859468206,0.0311707587440942,0.0311862322198148,0.0311748148955969,0.0311324288034983,0.031083883178975,0.0310626253462836,0.0310838831800018,0.0311324288037404,0.0311748148937448,0.0311862322168034,0.0311707587419942,0.0311591859464345,0.0311855791502889,0.0312602777169307,0.0313608829472125,0.0314490745095407,0.0315002127688635,0.0315223819999536,0.0315493788826219,0.0316116931717542,0.0317075658147135,0.0317986609882074,0.0318369652998961,0.0318050423693295,0.0317411566818424,0.0317310147027105,0.0318720724127475,0.0322409384006243,0.0328990041071646,0.0339421804542234,0.035554283782502,0.0380005303416241,0.0415316532951305,0.0462539872076719,0.0520709773017243,0.0587405375248569,NA,NA,NA,NA,NA,NA,NA,NA,NA,NA,NA,NA,NA,NA,NA,NA,NA,NA,NA,NA,NA,NA,NA,NA,NA,NA,NA,NA,NA,NA,NA,NA,NA,NA,NA,NA,NA,NA,NA,NA,NA,NA,NA,NA,NA,NA,NA,NA,NA,NA,NA,NA,NA,NA,NA,NA,NA,NA,NA,NA,NA,NA,NA,NA,NA,NA,NA,NA,NA,NA,NA,NA,NA,NA,NA,NA,NA,NA,NA,NA,NA,NA,NA,NA,NA,NA,NA,NA,NA,NA,NA,NA,NA,NA,NA,NA,NA,NA,NA,NA,NA,NA,NA,NA,NA,NA,NA,NA,NA,NA,NA,NA,NA,NA
0.0588432222034481,0.0520220855583282,0.0460856032889018,0.041294622543888,0.0377575223115384,0.0353612854825098,0.0338294427313916,0.0328653640392472,0.0322637159848802,0.0319241296732507,0.0317947173761547,0.031812382277305,0.0318870083614136,0.0319302527179501,0.0318954289481599,0.0317940335345638,0.0316768988895888,0.0315935182111323,0.03155779967591,0.0315435242176794,0.0315099944932829,0.0314359909627579,0.0313363463456704,0.0312502623098179,0.0312112384047538,0.0312217032526466,0.0312517387634272,0.0312622670458099,0.0312342406360509,0.0311819491108626,0.0311411538635679,0.0311411538642357,0.0311819491117326,0.0312342406351862,0.0312622670429739,0.0312517387604611,0.0312217032513047,0.0312112384048171,0.0312502623096357,0.0313363463442689,0.0314359909609973,0.0315099944927506,0.03154352421881,0.0315577996776521,0.0315935182121704,0.03167689888968,0.0317940335346254,0.0318954289490867,0.0319302527196133,0.0318870083629174,0.0318123822779324,0.0317947173760127,0.0319241296730405,0.0322637159851685,0.0328653640398819,0.0338294427317542,0.0353612854822465,0.037757522310918,0.0412946225434709,0.0460856032888757,0.052022085558289,0.058843222202817,NA,NA,NA,NA,NA,NA,NA,NA,NA,NA,NA,NA,NA,NA,NA,NA,NA,NA,NA,NA,NA,NA,NA,NA,NA,NA,NA,NA,NA,NA,NA,NA,NA,NA,NA,NA,NA,NA,NA,NA,NA,NA,NA,NA,NA,NA,NA,NA,NA,NA,NA,NA,NA,NA,NA,NA,NA,NA,NA,NA,NA,NA,NA,NA,NA,NA,NA,NA,NA,NA,NA,NA,NA,NA,NA,NA,NA,NA,NA,NA,NA,NA,NA,NA,NA,NA,NA,NA,NA,NA,NA,NA,NA,NA,NA,NA,NA,NA,NA,NA,NA,NA,NA,NA,NA,NA,NA,NA,NA,NA,NA,NA,NA
0.0569688695659572,0.0507222430849098,0.0452313188176091,0.0407113940001684,0.0372623249538611,0.0348140832668032,0.0331626588181851,0.0320723319571894,0.0313647684956682,0.0309402553134632,0.0307416120182037,0.030707922446805,0.0307575055951817,0.0308066355106093,0.0308016754450971,0.030736982264535,0.0306455458889585,0.0305690627758346,0.0305275222294033,0.0305082642330971,0.0304800519843391,0.0304195135367167,0.0303297898871696,0.0302386032860843,0.0301781026897988,0.0301616063962795,0.0301744913013697,0.030185728909996,0.0301709108875567,0.0301296238668587,0.0300849383318364,0.0300657496924389,0.0300849383328454,0.0301296238668972,0.0301709108853656,0.0301857289066345,0.0301744912990464,0.0301616063958955,0.0301781026900911,0.0302386032852645,0.0303297898854059,0.0304195135361172,0.0304800519859001,0.0305082642354336,0.0305275222308024,0.0305690627760921,0.0306455458890246,0.0307369822651723,0.0308016754460147,0.0308066355110989,0.030757505595271,0.0307079224468567,0.0307416120182088,0.0309402553134105,0.0313647684958454,0.0320723319575962,0.0331626588185092,0.0348140832667418,0.0372623249534706,0.0407113939998604,0.0452313188175936,0.0507222430848885,0.0569688695654582,NA,NA,NA,NA,NA,NA,NA,NA,NA,NA,NA,NA,NA,NA,NA,NA,NA,NA,NA,NA,NA,NA,NA,NA,NA,NA,NA,NA,NA,NA,NA,NA,NA,NA,NA,NA,NA,NA,NA,NA,NA,NA,NA,NA,NA,NA,NA,NA,NA,NA,NA,NA,NA,NA,NA,NA,NA,NA,NA,NA,NA,NA,NA,NA,NA,NA,NA,NA,NA,NA,NA,NA,NA,NA,NA,NA,NA,NA,NA,NA,NA,NA,NA,NA,NA,NA,NA,NA,NA,NA,NA,NA,NA,NA,NA,NA,NA,NA,NA,NA,NA,NA,NA,NA,NA,NA,NA,NA,NA,NA,NA,NA
0.0553326570818999,0.0495561623920298,0.0444368536687451,0.040156397468744,0.0368062738539447,0.034343625130464,0.0326142077930908,0.0314278123710168,0.0306301277702793,0.0301265294081632,0.029859172929258,0.0297706840849813,0.0297871327075356,0.0298298124889146,0.0298412845597135,0.0298034903193249,0.0297348713129094,0.0296687446959016,0.029627091150208,0.0296064339920995,0.02958373699794,0.0295360353375593,0.0294586823272617,0.0293695101667392,0.0292966921852488,0.0292592942207193,0.0292544921078945,0.0292605418949906,0.0292529593889208,0.0292219779465226,0.0291790427871011,0.029148120612217,0.0291481206125679,0.0291790427875444,0.0292219779460462,0.0292529593874128,0.0292605418934078,0.0292544921072045,0.0292592942208295,0.0292966921852444,0.0293695101661634,0.0294586823267549,0.029536035337928,0.0295837369989871,0.0296064339929341,0.0296270911504146,0.029668744695838,0.0297348713130504,0.029803490319657,0.0298412845598317,0.0298298124886396,0.0297871327071557,0.0297706840847645,0.0298591729292014,0.030126529408159,0.0306301277702112,0.0314278123708369,0.0326142077929124,0.0343436251304114,0.0368062738540033,0.0401563974688125,0.0444368536687459,0.0495561623920133,0.0553326570820683,NA,NA,NA,NA,NA,NA,NA,NA,NA,NA,NA,NA,NA,NA,NA,NA,NA,NA,NA,NA,NA,NA,NA,NA,NA,NA,NA,NA,NA,NA,NA,NA,NA,NA,NA,NA,NA,NA,NA,NA,NA,NA,NA,NA,NA,NA,NA,NA,NA,NA,NA,NA,NA,NA,NA,NA,NA,NA,NA,NA,NA,NA,NA,NA,NA,NA,NA,NA,NA,NA,NA,NA,NA,NA,NA,NA,NA,NA,NA,NA,NA,NA,NA,NA,NA,NA,NA,NA,NA,NA,NA,NA,NA,NA,NA,NA,NA,NA,NA,NA,NA,NA,NA,NA,NA,NA,NA,NA,NA,NA,NA
0.0527821459769781,0.0478279702116286,0.0433727727026359,0.0395430199995779,0.0364085450855077,0.0339561576762422,0.032101191589713,0.0307288267732328,0.0297365851736452,0.0290523087683169,0.0286242859356713,0.0284003624004095,0.0283165136574651,0.0283034799678589,0.0283044567576145,0.0282896958890701,0.0282579568661146,0.0282243678408689,0.0282027093776003,0.0281930818087065,0.0281818317918014,0.0281521288812093,0.0280967286000815,0.0280238426477902,0.0279523296039226,0.0278997154247609,0.027871324332431,0.0278579653941066,0.0278435482543291,0.0278170510504107,0.0277805009700164,0.0277476462221095,0.0277343874627466,0.0277476462221094,0.0277805009700165,0.0278170510504106,0.027843548254329,0.0278579653941066,0.0278713243324311,0.027899715424761,0.0279523296039227,0.0280238426477904,0.0280967286000816,0.0281521288812094,0.0281818317918016,0.0281930818087067,0.0282027093776006,0.0282243678408691,0.0282579568661147,0.0282896958890701,0.0283044567576146,0.0283034799678588,0.028316513657465,0.0284003624004094,0.0286242859356712,0.0290523087683168,0.0297365851736453,0.0307288267732329,0.0321011915897131,0.0339561576762423,0.0364085450855079,0.0395430199995778,0.0433727727026359,0.0478279702116285,0.0527821459769777,NA,NA,NA,NA,NA,NA,NA,NA,NA,NA,NA,NA,NA,NA,NA,NA,NA,NA,NA,NA,NA,NA,NA,NA,NA,NA,NA,NA,NA,NA,NA,NA,NA,NA,NA,NA,NA,NA,NA,NA,NA,NA,NA,NA,NA,NA,NA,NA,NA,NA,NA,NA,NA,NA,NA,NA,NA,NA,NA,NA,NA,NA,NA,NA,NA,NA,NA,NA,NA,NA,NA,NA,NA,NA,NA,NA,NA,NA,NA,NA,NA,NA,NA,NA,NA,NA,NA,NA,NA,NA,NA,NA,NA,NA,NA,NA,NA,NA,NA,NA,NA,NA,NA,NA,NA,NA,NA,NA,NA,NA
0.0523139142128292,0.047552213799094,0.0432514414196919,0.0395265904765404,0.0364440484484386,0.0339978584446717,0.0321178442421338,0.030703769312338,0.0296625771756592,0.0289264227701153,0.028446504674428,0.0281752767261964,0.0280547063236679,0.0280198540816277,0.0280137266280174,0.0280016881244447,0.0279756004319535,0.0279455202097709,0.0279244925897587,0.0279157257655285,0.027909386249048,0.0278896891962197,0.0278463356992638,0.0277821432082241,0.0277118708946161,0.0276532215928259,0.0276160819894919,0.0275971699934311,0.0275835368725367,0.0275622984630807,0.0275298856151006,0.027494690744563,0.0274714964347864,0.0274714964347864,0.027494690744563,0.0275298856151006,0.0275622984630807,0.0275835368725368,0.0275971699934312,0.0276160819894919,0.0276532215928259,0.0277118708946163,0.0277821432082242,0.0278463356992638,0.0278896891962198,0.0279093862490481,0.0279157257655284,0.0279244925897585,0.0279455202097707,0.0279756004319533,0.0280016881244447,0.0280137266280171,0.0280198540816275,0.0280547063236679,0.0281752767261964,0.0284465046744279,0.0289264227701156,0.0296625771756594,0.0307037693123382,0.032117844242134,0.033997858444672,0.036444048448439,0.0395265904765405,0.0432514414196919,0.0475522137990937,0.052313914212829,NA,NA,NA,NA,NA,NA,NA,NA,NA,NA,NA,NA,NA,NA,NA,NA,NA,NA,NA,NA,NA,NA,NA,NA,NA,NA,NA,NA,NA,NA,NA,NA,NA,NA,NA,NA,NA,NA,NA,NA,NA,NA,NA,NA,NA,NA,NA,NA,NA,NA,NA,NA,NA,NA,NA,NA,NA,NA,NA,NA,NA,NA,NA,NA,NA,NA,NA,NA,NA,NA,NA,NA,NA,NA,NA,NA,NA,NA,NA,NA,NA,NA,NA,NA,NA,NA,NA,NA,NA,NA,NA,NA,NA,NA,NA,NA,NA,NA,NA,NA,NA,NA,NA,NA,NA,NA,NA,NA,NA
0.0518738619778832,0.0472233487339007,0.0430128041050619,0.0393518140867849,0.0363059051326194,0.0338736098607406,0.0319921762393406,0.0305678240087575,0.0295107130451923,0.0287538632241435,0.0282496980755046,0.0279540849340354,0.0278138691563787,0.0277678374587368,0.0277592745449792,0.0277501939249396,0.0277275535629994,0.0276979391119711,0.0276743486358249,0.0276630348008716,0.0276578319453598,0.0276443485918659,0.0276101058988892,0.0275533725328688,0.027484923323801,0.0274217744063516,0.0273770492859385,0.0273525538528719,0.0273388178001014,0.0273223625615705,0.0272952251363277,0.027260506539082,0.0272304730147259,0.0272185483682961,0.0272304730147259,0.0272605065390821,0.0272952251363277,0.0273223625615705,0.0273388178001015,0.027352553852872,0.0273770492859385,0.0274217744063516,0.0274849233238011,0.0275533725328688,0.0276101058988891,0.0276443485918659,0.0276578319453598,0.0276630348008715,0.0276743486358248,0.0276979391119711,0.0277275535629993,0.0277501939249395,0.0277592745449792,0.0277678374587367,0.0278138691563788,0.0279540849340356,0.0282496980755046,0.0287538632241436,0.0295107130451925,0.0305678240087576,0.0319921762393408,0.0338736098607408,0.0363059051326195,0.0393518140867849,0.0430128041050613,0.0472233487339003,0.0518738619778826,NA,NA,NA,NA,NA,NA,NA,NA,NA,NA,NA,NA,NA,NA,NA,NA,NA,NA,NA,NA,NA,NA,NA,NA,NA,NA,NA,NA,NA,NA,NA,NA,NA,NA,NA,NA,NA,NA,NA,NA,NA,NA,NA,NA,NA,NA,NA,NA,NA,NA,NA,NA,NA,NA,NA,NA,NA,NA,NA,NA,NA,NA,NA,NA,NA,NA,NA,NA,NA,NA,NA,NA,NA,NA,NA,NA,NA,NA,NA,NA,NA,NA,NA,NA,NA,NA,NA,NA,NA,NA,NA,NA,NA,NA,NA,NA,NA,NA,NA,NA,NA,NA,NA,NA,NA,NA,NA,NA
0.0531004250109531,0.0481814584894566,0.0437408023072972,0.0399030248451098,0.0367440898516146,0.0342627533056369,0.0323845818101724,0.0309963924540327,0.0299887632049268,0.0292811291933321,0.028820249884503,0.0285620898332282,0.0284552464559152,0.0284385178529064,0.0284525539227046,0.0284557081171714,0.0284329886937306,0.0283927413574101,0.0283533535724464,0.0283277765793029,0.0283145508084263,0.0282997421584214,0.0282673013084071,0.0282104521637727,0.0281367849069906,0.0280641146316358,0.028009926603847,0.0279811418180981,0.0279706932395382,0.0279629513906747,0.0279442871404226,0.0279119471255299,0.027875755529454,0.0278517327148532,0.0278517327148531,0.027875755529454,0.0279119471255298,0.0279442871404226,0.0279629513906747,0.0279706932395381,0.0279811418180979,0.0280099266038469,0.0280641146316356,0.0281367849069905,0.0282104521637725,0.0282673013084069,0.0282997421584214,0.0283145508084261,0.028327776579303,0.0283533535724465,0.0283927413574102,0.0284329886937307,0.0284557081171718,0.0284525539227052,0.0284385178529068,0.0284552464559156,0.0285620898332285,0.0288202498845032,0.029281129193332,0.0299887632049267,0.0309963924540327,0.0323845818101723,0.0342627533056368,0.0367440898516145,0.0399030248451097,0.0437408023072971,0.0481814584894568,0.0531004250109532,NA,NA,NA,NA,NA,NA,NA,NA,NA,NA,NA,NA,NA,NA,NA,NA,NA,NA,NA,NA,NA,NA,NA,NA,NA,NA,NA,NA,NA,NA,NA,NA,NA,NA,NA,NA,NA,NA,NA,NA,NA,NA,NA,NA,NA,NA,NA,NA,NA,NA,NA,NA,NA,NA,NA,NA,NA,NA,NA,NA,NA,NA,NA,NA,NA,NA,NA,NA,NA,NA,NA,NA,NA,NA,NA,NA,NA,NA,NA,NA,NA,NA,NA,NA,NA,NA,NA,NA,NA,NA,NA,NA,NA,NA,NA,NA,NA,NA,NA,NA,NA,NA,NA,NA,NA,NA,NA
0.0528596951086851,0.0479377737978614,0.0434936267253312,0.0396538465299093,0.036497688246817,0.0340268556722402,0.0321672842411183,0.0308025557553237,0.0298176864049874,0.029127076748792,0.0286755876903149,0.0284211627226044,0.0283166441926929,0.0283044220601631,0.0283257974365976,0.0283365989056781,0.0283179611356339,0.0282757038404033,0.0282289564956743,0.028194574262277,0.02817595882635,0.0281620266561821,0.0281357665482017,0.0280861751145363,0.0280159362277892,0.0279403665403922,0.0278785525628155,0.0278422357110573,0.0278293359854187,0.0278260653855476,0.0278160979641459,0.0277909206471995,0.0277550297269692,0.0277229658939959,0.0277101112678292,0.0277229658939959,0.0277550297269691,0.0277909206471995,0.0278160979641459,0.0278260653855476,0.0278293359854187,0.0278422357110573,0.0278785525628154,0.0279403665403922,0.0280159362277892,0.0280861751145364,0.0281357665482017,0.0281620266561821,0.02817595882635,0.0281945742622769,0.0282289564956743,0.0282757038404033,0.0283179611356339,0.0283365989056781,0.0283257974365976,0.0283044220601632,0.028316644192693,0.0284211627226045,0.0286755876903148,0.029127076748792,0.0298176864049875,0.0308025557553237,0.0321672842411181,0.0340268556722402,0.0364976882468166,0.0396538465299089,0.0434936267253307,0.0479377737978608,0.052859695108684,NA,NA,NA,NA,NA,NA,NA,NA,NA,NA,NA,NA,NA,NA,NA,NA,NA,NA,NA,NA,NA,NA,NA,NA,NA,NA,NA,NA,NA,NA,NA,NA,NA,NA,NA,NA,NA,NA,NA,NA,NA,NA,NA,NA,NA,NA,NA,NA,NA,NA,NA,NA,NA,NA,NA,NA,NA,NA,NA,NA,NA,NA,NA,NA,NA,NA,NA,NA,NA,NA,NA,NA,NA,NA,NA,NA,NA,NA,NA,NA,NA,NA,NA,NA,NA,NA,NA,NA,NA,NA,NA,NA,NA,NA,NA,NA,NA,NA,NA,NA,NA,NA,NA,NA,NA,NA
0.0520630743083509,0.0473079589013442,0.0430020993630157,0.0392636526263045,0.036168879773885,0.0337241333480377,0.0318657047839207,0.0304881965418232,0.0294839167832343,0.0287700714409024,0.0282923657024258,0.0280107050968536,0.0278820626737725,0.0278535406747088,0.0278690075300726,0.0278830130211314,0.0278720928482832,0.0278365873999399,0.0277922053856397,0.0277561486607839,0.0277353197769624,0.0277226891142318,0.0277029382504794,0.0276630549273886,0.0276010855816688,0.0275279135928029,0.0274612692036766,0.0274156875711095,0.0273944738317855,0.0273884978935148,0.0273823991306043,0.0273642434078185,0.0273327718654731,0.0272980404457166,0.0272752025537232,0.0272752025537231,0.0272980404457167,0.027332771865473,0.0273642434078185,0.0273823991306043,0.0273884978935148,0.0273944738317855,0.0274156875711095,0.0274612692036766,0.0275279135928029,0.0276010855816688,0.0276630549273885,0.0277029382504793,0.0277226891142318,0.0277353197769623,0.0277561486607839,0.0277922053856397,0.0278365873999399,0.0278720928482831,0.0278830130211314,0.0278690075300728,0.0278535406747087,0.0278820626737724,0.0280107050968535,0.0282923657024259,0.0287700714409022,0.029483916783234,0.0304881965418233,0.0318657047839207,0.0337241333480377,0.0361688797738853,0.0392636526263047,0.0430020993630159,0.0473079589013447,0.0520630743083513,NA,NA,NA,NA,NA,NA,NA,NA,NA,NA,NA,NA,NA,NA,NA,NA,NA,NA,NA,NA,NA,NA,NA,NA,NA,NA,NA,NA,NA,NA,NA,NA,NA,NA,NA,NA,NA,NA,NA,NA,NA,NA,NA,NA,NA,NA,NA,NA,NA,NA,NA,NA,NA,NA,NA,NA,NA,NA,NA,NA,NA,NA,NA,NA,NA,NA,NA,NA,NA,NA,NA,NA,NA,NA,NA,NA,NA,NA,NA,NA,NA,NA,NA,NA,NA,NA,NA,NA,NA,NA,NA,NA,NA,NA,NA,NA,NA,NA,NA,NA,NA,NA,NA,NA,NA
0.0511539512668454,0.0466432269812321,0.0425406980869746,0.0389511923937727,0.0359444756100412,0.0335312463896151,0.0316617755821867,0.0302481247063226,0.0291967077925433,0.0284324858113139,0.0279042523209555,0.0275740705276437,0.027402609940797,0.0273418156275402,0.0273391209308939,0.0273490650264858,0.0273441570209696,0.0273184436157617,0.0272820395546597,0.027249786058272,0.0272300849745815,0.0272195951862078,0.0272059690847055,0.0271761573045864,0.027124896196268,0.0270583770483209,0.0269911570704487,0.0269382480070928,0.0269070276370647,0.0268936995274687,0.0268862927888761,0.0268722609675745,0.0268461075652304,0.0268126421333895,0.0267840997578206,0.0267728669429862,0.0267840997578207,0.0268126421333895,0.0268461075652305,0.0268722609675746,0.0268862927888762,0.0268936995274687,0.0269070276370648,0.0269382480070928,0.0269911570704487,0.0270583770483209,0.027124896196268,0.0271761573045865,0.0272059690847054,0.0272195951862076,0.0272300849745813,0.0272497860582718,0.0272820395546595,0.0273184436157616,0.0273441570209696,0.0273490650264858,0.0273391209308941,0.0273418156275406,0.0274026099407975,0.0275740705276442,0.0279042523209558,0.0284324858113142,0.0291967077925437,0.0302481247063231,0.031661775582187,0.0335312463896153,0.0359444756100412,0.0389511923937726,0.0425406980869743,0.0466432269812315,0.0511539512668447,NA,NA,NA,NA,NA,NA,NA,NA,NA,NA,NA,NA,NA,NA,NA,NA,NA,NA,NA,NA,NA,NA,NA,NA,NA,NA,NA,NA,NA,NA,NA,NA,NA,NA,NA,NA,NA,NA,NA,NA,NA,NA,NA,NA,NA,NA,NA,NA,NA,NA,NA,NA,NA,NA,NA,NA,NA,NA,NA,NA,NA,NA,NA,NA,NA,NA,NA,NA,NA,NA,NA,NA,NA,NA,NA,NA,NA,NA,NA,NA,NA,NA,NA,NA,NA,NA,NA,NA,NA,NA,NA,NA,NA,NA,NA,NA,NA,NA,NA,NA,NA,NA,NA,NA
0.0509957384315644,0.0464918271945879,0.0423933936494204,0.038805835127744,0.0358008535193177,0.0333917556159218,0.0315305277559396,0.0301287048545676,0.0290899276137258,0.0283356210152139,0.0278123242004141,0.0274824472143286,0.027309354599686,0.0272483375267192,0.0272487663646381,0.0272645757621314,0.0272655523957226,0.0272425674261728,0.0272040566815494,0.0271658155815222,0.0271394486079345,0.0271252966579605,0.0271130332897039,0.0270887484121269,0.0270438720587222,0.026980705267537,0.0269115928754534,0.0268523905971614,0.0268139981625955,0.0267967923454514,0.0267911050944266,0.0267833304307274,0.0267640089421035,0.0267332732132829,0.0267006858819054,0.0266796597969724,0.0266796597969724,0.0267006858819055,0.0267332732132828,0.0267640089421034,0.0267833304307273,0.0267911050944266,0.0267967923454516,0.0268139981625956,0.0268523905971614,0.0269115928754532,0.0269807052675369,0.0270438720587224,0.027088748412127,0.0271130332897038,0.0271252966579603,0.0271394486079343,0.0271658155815221,0.0272040566815495,0.0272425674261726,0.0272655523957224,0.0272645757621312,0.027248766364638,0.0272483375267195,0.0273093545996864,0.0274824472143289,0.0278123242004144,0.0283356210152142,0.0290899276137263,0.030128704854568,0.0315305277559399,0.0333917556159219,0.0358008535193177,0.0388058351277442,0.0423933936494203,0.0464918271945877,0.0509957384315638,NA,NA,NA,NA,NA,NA,NA,NA,NA,NA,NA,NA,NA,NA,NA,NA,NA,NA,NA,NA,NA,NA,NA,NA,NA,NA,NA,NA,NA,NA,NA,NA,NA,NA,NA,NA,NA,NA,NA,NA,NA,NA,NA,NA,NA,NA,NA,NA,NA,NA,NA,NA,NA,NA,NA,NA,NA,NA,NA,NA,NA,NA,NA,NA,NA,NA,NA,NA,NA,NA,NA,NA,NA,NA,NA,NA,NA,NA,NA,NA,NA,NA,NA,NA,NA,NA,NA,NA,NA,NA,NA,NA,NA,NA,NA,NA,NA,NA,NA,NA,NA,NA,NA
0.0505546221750674,0.0461247616267389,0.0420878532933359,0.0385462624422666,0.0355711878886673,0.0331785450671053,0.0313248352393885,0.0299256892938491,0.0288866520614171,0.0281288890078118,0.0275981298192688,0.0272572843274634,0.027072236973156,0.0270018753336657,0.0269983310576272,0.0270159042112682,0.0270221281787754,0.0270042214839296,0.0269675450499276,0.026927068149236,0.0268962388395145,0.0268787795697456,0.0268672147363997,0.026848171361246,0.0268108633004135,0.0267537858021004,0.0266860212280503,0.026622633888565,0.026576794039681,0.0265530174646575,0.0265452749406714,0.0265409345111123,0.0265281767510226,0.0265026829479061,0.0264699721674028,0.0264422143059304,0.0264313275419723,0.0264422143059304,0.0264699721674028,0.026502682947906,0.0265281767510224,0.0265409345111122,0.0265452749406713,0.0265530174646575,0.026576794039681,0.0266226338885651,0.0266860212280504,0.0267537858021005,0.0268108633004135,0.026848171361246,0.0268672147363996,0.0268787795697456,0.0268962388395144,0.0269270681492361,0.0269675450499276,0.0270042214839298,0.0270221281787754,0.0270159042112684,0.0269983310576274,0.027001875333666,0.0270722369731561,0.0272572843274635,0.027598129819269,0.0281288890078117,0.0288866520614172,0.0299256892938491,0.0313248352393885,0.033178545067105,0.0355711878886668,0.038546262442266,0.0420878532933356,0.0461247616267384,0.0505546221750669,NA,NA,NA,NA,NA,NA,NA,NA,NA,NA,NA,NA,NA,NA,NA,NA,NA,NA,NA,NA,NA,NA,NA,NA,NA,NA,NA,NA,NA,NA,NA,NA,NA,NA,NA,NA,NA,NA,NA,NA,NA,NA,NA,NA,NA,NA,NA,NA,NA,NA,NA,NA,NA,NA,NA,NA,NA,NA,NA,NA,NA,NA,NA,NA,NA,NA,NA,NA,NA,NA,NA,NA,NA,NA,NA,NA,NA,NA,NA,NA,NA,NA,NA,NA,NA,NA,NA,NA,NA,NA,NA,NA,NA,NA,NA,NA,NA,NA,NA,NA,NA,NA
0.0502639287383944,0.0458531061024949,0.0418314814731254,0.038301579616938,0.0353361302777069,0.0329534825101433,0.0311121034169925,0.0297277362873382,0.0287038690742964,0.0279585216985024,0.0274350075637698,0.0270960020179668,0.026909542800185,0.0268378596490897,0.0268357254889525,0.0268579421343068,0.0268702230510951,0.0268567540109395,0.0268204194975105,0.0267757651120613,0.0267382666764787,0.0267151331817882,0.0267019448850522,0.0266862355244221,0.0266554204627128,0.0266044185537125,0.0265388841555395,0.0264725183908684,0.0264200456214485,0.0263896846701127,0.0263792062268654,0.0263776758771132,0.0263717940746227,0.0263532652110101,0.02632323440988,0.0262915245656613,0.026271162244336,0.0262711622443359,0.0262915245656613,0.02632323440988,0.02635326521101,0.0263717940746226,0.0263776758771131,0.0263792062268654,0.0263896846701127,0.0264200456214484,0.0264725183908682,0.0265388841555395,0.0266044185537125,0.0266554204627127,0.026686235524422,0.0267019448850521,0.0267151331817881,0.0267382666764787,0.0267757651120612,0.0268204194975105,0.0268567540109393,0.026870223051095,0.0268579421343067,0.0268357254889525,0.0268378596490896,0.0269095428001851,0.0270960020179669,0.0274350075637698,0.0279585216985026,0.0287038690742969,0.0297277362873386,0.0311121034169932,0.0329534825101438,0.0353361302777074,0.0383015796169385,0.0418314814731261,0.0458531061024954,0.0502639287383948,NA,NA,NA,NA,NA,NA,NA,NA,NA,NA,NA,NA,NA,NA,NA,NA,NA,NA,NA,NA,NA,NA,NA,NA,NA,NA,NA,NA,NA,NA,NA,NA,NA,NA,NA,NA,NA,NA,NA,NA,NA,NA,NA,NA,NA,NA,NA,NA,NA,NA,NA,NA,NA,NA,NA,NA,NA,NA,NA,NA,NA,NA,NA,NA,NA,NA,NA,NA,NA,NA,NA,NA,NA,NA,NA,NA,NA,NA,NA,NA,NA,NA,NA,NA,NA,NA,NA,NA,NA,NA,NA,NA,NA,NA,NA,NA,NA,NA,NA,NA,NA
0.0499705177771573,0.045580384113902,0.0415754497121826,0.0380582562446804,0.0351029275451418,0.0327302092176582,0.0309006708463512,0.0295304531161852,0.0285212866454304,0.0277881951293104,0.0272719817709587,0.0269347992003948,0.0267465430156084,0.026672704139261,0.0266709331045717,0.0266969880422278,0.0267151864839401,0.0267068148314055,0.0266719950738569,0.0266242370209496,0.026580412402547,0.026550939139083,0.0265347425720836,0.0265210122342422,0.0264961848233124,0.0264520289291951,0.0263905130749079,0.0263230945249369,0.0262649816203584,0.0262274505490565,0.0262122925749109,0.0262113265811597,0.0262111354320707,0.0262003671099248,0.026175702515831,0.0261434511066934,0.0261160457726135,0.0261053073223257,0.0261160457726134,0.0261434511066934,0.0261757025158309,0.0262003671099248,0.0262111354320708,0.0262113265811596,0.0262122925749109,0.0262274505490564,0.0262649816203583,0.0263230945249368,0.0263905130749079,0.0264520289291951,0.0264961848233124,0.0265210122342422,0.0265347425720836,0.026550939139083,0.0265804124025471,0.0266242370209497,0.0266719950738571,0.0267068148314058,0.0267151864839405,0.0266969880422284,0.0266709331045724,0.0266727041392619,0.0267465430156092,0.0269347992003955,0.0272719817709593,0.027788195129311,0.0285212866454309,0.0295304531161856,0.0309006708463514,0.0327302092176581,0.0351029275451416,0.0380582562446799,0.0415754497121817,0.0455803841139009,0.0499705177771561,NA,NA,NA,NA,NA,NA,NA,NA,NA,NA,NA,NA,NA,NA,NA,NA,NA,NA,NA,NA,NA,NA,NA,NA,NA,NA,NA,NA,NA,NA,NA,NA,NA,NA,NA,NA,NA,NA,NA,NA,NA,NA,NA,NA,NA,NA,NA,NA,NA,NA,NA,NA,NA,NA,NA,NA,NA,NA,NA,NA,NA,NA,NA,NA,NA,NA,NA,NA,NA,NA,NA,NA,NA,NA,NA,NA,NA,NA,NA,NA,NA,NA,NA,NA,NA,NA,NA,NA,NA,NA,NA,NA,NA,NA,NA,NA,NA,NA,NA,NA
0.0496610939011915,0.0452974037329938,0.0413140645785435,0.0378132586751619,0.0348701946826431,0.0325079481764432,0.0306894780826429,0.0293318970275352,0.0283358075529499,0.0276136587207793,0.0271038137253628,0.0267676681040765,0.0265766511824755,0.026499366211791,0.0264965181788444,0.0265252603296529,0.0265489755735524,0.0265462558846685,0.0265142392410771,0.0264647935911192,0.0264154656181283,0.0263794315550691,0.0263590652332866,0.0263458603512128,0.0263261456284705,0.0262891622023991,0.0262331945911861,0.0261667644668276,0.0261044856218444,0.0260598021621561,0.0260383713030669,0.0260355215458142,0.0260390480818421,0.0260357576745074,0.0260182873967534,0.0259887451580426,0.0259574307244782,0.0259373517221595,0.0259373517221595,0.0259574307244781,0.0259887451580427,0.0260182873967538,0.0260357576745081,0.0260390480818427,0.0260355215458143,0.0260383713030667,0.0260598021621559,0.0261044856218444,0.0261667644668277,0.026233194591186,0.0262891622023986,0.02632614562847,0.0263458603512125,0.0263590652332864,0.026379431555069,0.0264154656181284,0.0264647935911192,0.026514239241077,0.0265462558846684,0.0265489755735527,0.0265252603296534,0.026496518178845,0.0264993662117917,0.0265766511824758,0.0267676681040765,0.0271038137253632,0.0276136587207793,0.0283358075529498,0.0293318970275351,0.0306894780826426,0.0325079481764428,0.0348701946826429,0.0378132586751621,0.0413140645785435,0.045297403732994,0.0496610939011917,NA,NA,NA,NA,NA,NA,NA,NA,NA,NA,NA,NA,NA,NA,NA,NA,NA,NA,NA,NA,NA,NA,NA,NA,NA,NA,NA,NA,NA,NA,NA,NA,NA,NA,NA,NA,NA,NA,NA,NA,NA,NA,NA,NA,NA,NA,NA,NA,NA,NA,NA,NA,NA,NA,NA,NA,NA,NA,NA,NA,NA,NA,NA,NA,NA,NA,NA,NA,NA,NA,NA,NA,NA,NA,NA,NA,NA,NA,NA,NA,NA,NA,NA,NA,NA,NA,NA,NA,NA,NA,NA,NA,NA,NA,NA,NA,NA,NA,NA
0.049699718208904,0.0452969327137149,0.0412783810506141,0.0377490558019922,0.0347875281513868,0.0324195276892129,0.030608373693778,0.0292684030459769,0.0282949672375124,0.0275946606187601,0.0271014648983071,0.0267752116018095,0.0265886835365751,0.0265136071248383,0.0265137446150569,0.0265476435551064,0.0265778333476663,0.0265804282247786,0.0265499058044031,0.026496836699911,0.0264397357694376,0.026394776477555,0.0263680185821766,0.0263535353861113,0.02633782913706,0.0263077973036437,0.0262580020506631,0.0261937027758426,0.0261283741937447,0.0260770962266202,0.0260491703837785,0.0260437041448136,0.0260503811044988,0.0260549127682447,0.0260462832059008,0.026022137423593,0.0259897359528294,0.0259620973420384,0.0259512670773081,0.0259620973420384,0.0259897359528293,0.0260221374235931,0.026046283205901,0.0260549127682449,0.026050381104499,0.0260437041448137,0.0260491703837784,0.0260770962266202,0.0261283741937448,0.0261937027758427,0.0262580020506632,0.0263077973036439,0.02633782913706,0.0263535353861113,0.0263680185821766,0.026394776477555,0.0264397357694375,0.0264968366999108,0.0265499058044026,0.0265804282247782,0.0265778333476658,0.0265476435551064,0.026513744615057,0.0265136071248382,0.0265886835365753,0.0267752116018094,0.0271014648983073,0.0275946606187606,0.0282949672375128,0.0292684030459774,0.0306083736937785,0.0324195276892132,0.034787528151387,0.0377490558019922,0.0412783810506141,0.0452969327137146,0.0496997182089037,NA,NA,NA,NA,NA,NA,NA,NA,NA,NA,NA,NA,NA,NA,NA,NA,NA,NA,NA,NA,NA,NA,NA,NA,NA,NA,NA,NA,NA,NA,NA,NA,NA,NA,NA,NA,NA,NA,NA,NA,NA,NA,NA,NA,NA,NA,NA,NA,NA,NA,NA,NA,NA,NA,NA,NA,NA,NA,NA,NA,NA,NA,NA,NA,NA,NA,NA,NA,NA,NA,NA,NA,NA,NA,NA,NA,NA,NA,NA,NA,NA,NA,NA,NA,NA,NA,NA,NA,NA,NA,NA,NA,NA,NA,NA,NA,NA,NA
0.0491762349765197,0.0448646504830841,0.0409229969769303,0.0374521327382829,0.0345288437647295,0.0321806611002309,0.0303758314905925,0.0290345968657653,0.0280566925445402,0.0273503770972419,0.0268492368228616,0.026512412395444,0.0263132867361741,0.0262259054293776,0.0262171561105887,0.0262479165655475,0.0262809696375685,0.0262903619883073,0.026267077564874,0.0262183610058464,0.0261611196276326,0.0261123853502499,0.0260810544589162,0.026064484753585,0.0260511298218619,0.0260274190178657,0.025985192841586,0.0259260652475119,0.0258607946564272,0.0258041446873415,0.0257678050960614,0.0257548674344031,0.0257585868496369,0.0257659728629714,0.0257643024556851,0.0257472881178145,0.0257179580829372,0.0256869607722571,0.0256671609864348,0.0256671609864345,0.0256869607722564,0.0257179580829374,0.0257472881178159,0.0257643024556869,0.0257659728629728,0.0257585868496372,0.0257548674344025,0.0257678050960612,0.0258041446873417,0.0258607946564277,0.0259260652475119,0.0259851928415854,0.0260274190178649,0.0260511298218613,0.026064484753585,0.0260810544589165,0.02611238535025,0.0261611196276326,0.0262183610058461,0.0262670775648735,0.0262903619883069,0.0262809696375685,0.0262479165655476,0.0262171561105888,0.0262259054293778,0.0263132867361738,0.0265124123954436,0.0268492368228614,0.0273503770972421,0.0280566925445406,0.0290345968657656,0.0303758314905927,0.0321806611002308,0.0345288437647295,0.037452132738283,0.0409229969769304,0.0448646504830844,0.0491762349765196,NA,NA,NA,NA,NA,NA,NA,NA,NA,NA,NA,NA,NA,NA,NA,NA,NA,NA,NA,NA,NA,NA,NA,NA,NA,NA,NA,NA,NA,NA,NA,NA,NA,NA,NA,NA,NA,NA,NA,NA,NA,NA,NA,NA,NA,NA,NA,NA,NA,NA,NA,NA,NA,NA,NA,NA,NA,NA,NA,NA,NA,NA,NA,NA,NA,NA,NA,NA,NA,NA,NA,NA,NA,NA,NA,NA,NA,NA,NA,NA,NA,NA,NA,NA,NA,NA,NA,NA,NA,NA,NA,NA,NA,NA,NA,NA,NA
0.0489119235838141,0.0446189543834276,0.040692202970496,0.0372324310282347,0.0343175601276867,0.0319773113650628,0.0301821470398948,0.0288532206856622,0.0278891799776097,0.0271956611666633,0.0267034427896353,0.0263701491182364,0.02616977951893,0.0260788894626857,0.0260675470792733,0.0260989197855363,0.0261361145443907,0.0261514620540866,0.0261330951149855,0.0260857087767466,0.0260252803215391,0.0259701058503267,0.0259320349425915,0.0259116668850208,0.0258993764370842,0.0258812066475935,0.0258464375668932,0.0257931375156872,0.0257292308562897,0.0256687808408715,0.0256253502583966,0.0256056392181005,0.025606478367049,0.0256165987221365,0.0256222067110385,0.0256135742268679,0.0255895106381461,0.0255577029772407,0.0255308401619949,0.0255203643666111,0.0255308401619955,0.0255577029772412,0.0255895106381452,0.025613574226866,0.0256222067110367,0.0256165987221356,0.0256064783670492,0.025605639218101,0.0256253502583968,0.0256687808408714,0.0257292308562894,0.0257931375156872,0.0258464375668933,0.0258812066475936,0.0258993764370843,0.0259116668850211,0.0259320349425918,0.0259701058503269,0.0260252803215392,0.0260857087767472,0.0261330951149868,0.0261514620540884,0.026136114544392,0.0260989197855363,0.0260675470792719,0.0260788894626843,0.0261697795189292,0.0263701491182363,0.0267034427896351,0.0271956611666619,0.0278891799776075,0.0288532206856601,0.0301821470398938,0.0319773113650627,0.0343175601276868,0.0372324310282347,0.0406922029704958,0.0446189543834277,0.0489119235838155,NA,NA,NA,NA,NA,NA,NA,NA,NA,NA,NA,NA,NA,NA,NA,NA,NA,NA,NA,NA,NA,NA,NA,NA,NA,NA,NA,NA,NA,NA,NA,NA,NA,NA,NA,NA,NA,NA,NA,NA,NA,NA,NA,NA,NA,NA,NA,NA,NA,NA,NA,NA,NA,NA,NA,NA,NA,NA,NA,NA,NA,NA,NA,NA,NA,NA,NA,NA,NA,NA,NA,NA,NA,NA,NA,NA,NA,NA,NA,NA,NA,NA,NA,NA,NA,NA,NA,NA,NA,NA,NA,NA,NA,NA,NA,NA
0.0485991009495351,0.0443957493256914,0.0405435121844666,0.0371382825165897,0.0342553789261919,0.0319258049029107,0.0301251780455464,0.0287816982705337,0.0278001082235404,0.0270893069671985,0.0265805513698732,0.0262306834771277,0.0260134565052478,0.0259066893120014,0.025882912442984,0.0259076881896634,0.0259450684985305,0.0259661817786165,0.0259561445296448,0.0259160137920621,0.025859026787127,0.0258028018694077,0.0257608037844965,0.0257366625491947,0.0257236137190955,0.0257088980438047,0.025680679448827,0.0256340934813848,0.0255737183788983,0.0255115215751335,0.0254613549488704,0.0254325963735555,0.025425934349474,0.025433277434486,0.0254417524139753,0.0254397928460321,0.0254224319603008,0.0253934169235183,0.0253632616923123,0.0253441678545476,0.0253441678545476,0.0253632616923123,0.0253934169235182,0.0254224319603008,0.0254397928460319,0.0254417524139752,0.0254332774344859,0.025425934349474,0.0254325963735554,0.0254613549488704,0.0255115215751333,0.0255737183788982,0.0256340934813846,0.025680679448827,0.0257088980438046,0.0257236137190954,0.0257366625491945,0.0257608037844963,0.0258028018694075,0.0258590267871267,0.0259160137920619,0.0259561445296445,0.0259661817786163,0.0259450684985303,0.0259076881896632,0.0258829124429839,0.0259066893120015,0.0260134565052479,0.0262306834771278,0.0265805513698738,0.0270893069671991,0.027800108223541,0.0287816982705341,0.030125178045547,0.0319258049029112,0.0342553789261921,0.0371382825165899,0.0405435121844668,0.0443957493256912,0.0485991009495346,NA,NA,NA,NA,NA,NA,NA,NA,NA,NA,NA,NA,NA,NA,NA,NA,NA,NA,NA,NA,NA,NA,NA,NA,NA,NA,NA,NA,NA,NA,NA,NA,NA,NA,NA,NA,NA,NA,NA,NA,NA,NA,NA,NA,NA,NA,NA,NA,NA,NA,NA,NA,NA,NA,NA,NA,NA,NA,NA,NA,NA,NA,NA,NA,NA,NA,NA,NA,NA,NA,NA,NA,NA,NA,NA,NA,NA,NA,NA,NA,NA,NA,NA,NA,NA,NA,NA,NA,NA,NA,NA,NA,NA,NA,NA
0.0481759828238083,0.0440441391557533,0.0402523622333673,0.0368934087818909,0.0340411927963619,0.0317280074460807,0.0299332070056982,0.028589637294372,0.0276056444874172,0.0268915682510254,0.0263782343676207,0.0260214863739736,0.025794922750208,0.0256777443418283,0.0256450237689069,0.0256648510361252,0.0257025233715085,0.0257284612587125,0.0257253604540682,0.0256911632222622,0.0256366472044589,0.0255787204324809,0.0255322063677204,0.0255035020200544,0.025488653741211,0.0254763535660247,0.0254541080371921,0.0254145449174046,0.0253590256581,0.0252971084298447,0.0252422506530147,0.0252057530043052,0.0251917263236633,0.0251954040108781,0.0252055344131667,0.0252096451668893,0.0251996909152038,0.025175547443347,0.0251448677450755,0.0251194216966359,0.0251095739764758,0.0251194216966359,0.0251448677450755,0.025175547443347,0.0251996909152038,0.0252096451668893,0.0252055344131666,0.0251954040108781,0.0251917263236633,0.0252057530043051,0.0252422506530147,0.0252971084298447,0.0253590256581,0.0254145449174046,0.0254541080371922,0.0254763535660247,0.025488653741211,0.0255035020200544,0.0255322063677203,0.025578720432481,0.0256366472044589,0.0256911632222621,0.0257253604540683,0.0257284612587126,0.0257025233715085,0.025664851036125,0.0256450237689068,0.0256777443418283,0.0257949227502081,0.0260214863739737,0.0263782343676209,0.0268915682510252,0.0276056444874169,0.0285896372943719,0.0299332070056982,0.031728007446081,0.0340411927963623,0.0368934087818913,0.0402523622333679,0.0440441391557541,0.0481759828238093,NA,NA,NA,NA,NA,NA,NA,NA,NA,NA,NA,NA,NA,NA,NA,NA,NA,NA,NA,NA,NA,NA,NA,NA,NA,NA,NA,NA,NA,NA,NA,NA,NA,NA,NA,NA,NA,NA,NA,NA,NA,NA,NA,NA,NA,NA,NA,NA,NA,NA,NA,NA,NA,NA,NA,NA,NA,NA,NA,NA,NA,NA,NA,NA,NA,NA,NA,NA,NA,NA,NA,NA,NA,NA,NA,NA,NA,NA,NA,NA,NA,NA,NA,NA,NA,NA,NA,NA,NA,NA,NA,NA,NA,NA
0.0485689276702907,0.0443546297315712,0.0404887329884722,0.0370681144673017,0.0341710142119131,0.031832771479754,0.0300328852350862,0.0287006923291307,0.0277381747306429,0.0270484402956916,0.0265563463722644,0.0262144459712222,0.0259960815846738,0.025882560752483,0.0258520285390926,0.0258750543201076,0.0259177437987458,0.0259494613206547,0.0259506556259937,0.0259170138997428,0.0258582346943627,0.025792016246202,0.025735714278573,0.0256990433662667,0.0256807574804239,0.0256704598656374,0.0256543590128875,0.0256221241750166,0.0255717642214293,0.025510545002437,0.0254517265673178,0.0254086478738971,0.0253888124406994,0.0253906447120092,0.0254043648093485,0.025416495544926,0.0254158683334317,0.0253984347768933,0.0253688418017935,0.0253381626503349,0.0253187986378793,0.0253187986378793,0.025338162650335,0.0253688418017934,0.0253984347768934,0.0254158683334318,0.0254164955449261,0.0254043648093484,0.0253906447120092,0.0253888124406994,0.0254086478738972,0.0254517265673178,0.025510545002437,0.0255717642214293,0.0256221241750165,0.0256543590128874,0.0256704598656372,0.0256807574804238,0.0256990433662666,0.0257357142785729,0.0257920162462019,0.0258582346943627,0.0259170138997429,0.0259506556259938,0.0259494613206549,0.0259177437987457,0.0258750543201076,0.0258520285390925,0.0258825607524831,0.0259960815846737,0.0262144459712221,0.0265563463722642,0.0270484402956915,0.0277381747306429,0.0287006923291306,0.030032885235086,0.0318327714797538,0.0341710142119124,0.0370681144673009,0.0404887329884717,0.0443546297315706,0.0485689276702899,NA,NA,NA,NA,NA,NA,NA,NA,NA,NA,NA,NA,NA,NA,NA,NA,NA,NA,NA,NA,NA,NA,NA,NA,NA,NA,NA,NA,NA,NA,NA,NA,NA,NA,NA,NA,NA,NA,NA,NA,NA,NA,NA,NA,NA,NA,NA,NA,NA,NA,NA,NA,NA,NA,NA,NA,NA,NA,NA,NA,NA,NA,NA,NA,NA,NA,NA,NA,NA,NA,NA,NA,NA,NA,NA,NA,NA,NA,NA,NA,NA,NA,NA,NA,NA,NA,NA,NA,NA,NA,NA,NA,NA
0.0491353121044461,0.0447328686319614,0.0407030948674276,0.0371539008874605,0.0341735720985223,0.0318023938291606,0.0300163349506479,0.0287325519231462,0.0278359551867411,0.0272132074138924,0.0267776117222747,0.0264766648383736,0.0262844039769152,0.026186394482234,0.0261659145593125,0.0261972585670547,0.0262476824240866,0.026285310351708,0.0262881777453668,0.0262499944276113,0.0261802510641031,0.0260987525172252,0.0260267887513254,0.025978460205375,0.0259556545567929,0.0259485977864076,0.0259413801672832,0.0259197008743779,0.0258773583921705,0.0258188516075856,0.0257572208968818,0.0257081995876996,0.0256832433505464,0.0256845057885924,0.0257039871266273,0.0257271624360869,0.0257393499656144,0.0257319558945337,0.0257059516159515,0.025671205321195,0.0256420020980967,0.0256306579611245,0.0256420020980968,0.025671205321195,0.0257059516159515,0.0257319558945338,0.0257393499656143,0.0257271624360868,0.0257039871266272,0.0256845057885924,0.0256832433505463,0.0257081995876995,0.0257572208968816,0.0258188516075854,0.0258773583921704,0.0259197008743777,0.0259413801672831,0.0259485977864076,0.025955654556793,0.0259784602053752,0.0260267887513256,0.0260987525172254,0.0261802510641033,0.0262499944276118,0.0262881777453672,0.0262853103517083,0.026247682424087,0.026197258567055,0.0261659145593126,0.0261863944822342,0.0262844039769152,0.0264766648383732,0.0267776117222743,0.0272132074138919,0.027835955186741,0.0287325519231452,0.0300163349506474,0.0318023938291601,0.034173572098522,0.0371539008874602,0.0407030948674277,0.0447328686319616,0.0491353121044465,NA,NA,NA,NA,NA,NA,NA,NA,NA,NA,NA,NA,NA,NA,NA,NA,NA,NA,NA,NA,NA,NA,NA,NA,NA,NA,NA,NA,NA,NA,NA,NA,NA,NA,NA,NA,NA,NA,NA,NA,NA,NA,NA,NA,NA,NA,NA,NA,NA,NA,NA,NA,NA,NA,NA,NA,NA,NA,NA,NA,NA,NA,NA,NA,NA,NA,NA,NA,NA,NA,NA,NA,NA,NA,NA,NA,NA,NA,NA,NA,NA,NA,NA,NA,NA,NA,NA,NA,NA,NA,NA,NA
0.0478094335886333,0.0437678036282895,0.0400478150751524,0.0367376952880844,0.0339105451302021,0.0316029814887356,0.0298026825519078,0.0284512542036313,0.0274622730098253,0.0267459601337242,0.0262289968900531,0.0258624753393359,0.0256181226824489,0.0254778750448864,0.0254232581770229,0.0254295414929036,0.0254664479931514,0.0255038747087499,0.025519113848612,0.0255020344776179,0.0254560573000649,0.0253946254618474,0.0253345838149602,0.0252890201548411,0.0252623335497382,0.0252493687086127,0.0252386877315247,0.0252182858667692,0.0251811637327562,0.0251284507810345,0.0250689287806098,0.025015284915608,0.0249787239188684,0.0249642466001288,0.0249686325216491,0.0249819698261148,0.024991987036251,0.0249892496129962,0.024971016977331,0.0249422111630882,0.0249131558351963,0.0248950441514641,0.0248950441514643,0.0249131558351963,0.0249422111630882,0.0249710169773311,0.0249892496129962,0.024991987036251,0.0249819698261148,0.0249686325216492,0.0249642466001288,0.0249787239188683,0.0250152849156079,0.0250689287806097,0.0251284507810343,0.0251811637327561,0.0252182858667691,0.0252386877315247,0.0252493687086127,0.0252623335497382,0.0252890201548412,0.0253345838149603,0.0253946254618474,0.0254560573000649,0.0255020344776182,0.0255191138486121,0.0255038747087501,0.0254664479931517,0.0254295414929036,0.0254232581770228,0.0254778750448863,0.0256181226824489,0.025862475339336,0.0262289968900529,0.0267459601337242,0.0274622730098252,0.0284512542036312,0.0298026825519077,0.0316029814887354,0.0339105451302021,0.0367376952880844,0.0400478150751524,0.0437678036282896,0.0478094335886333,NA,NA,NA,NA,NA,NA,NA,NA,NA,NA,NA,NA,NA,NA,NA,NA,NA,NA,NA,NA,NA,NA,NA,NA,NA,NA,NA,NA,NA,NA,NA,NA,NA,NA,NA,NA,NA,NA,NA,NA,NA,NA,NA,NA,NA,NA,NA,NA,NA,NA,NA,NA,NA,NA,NA,NA,NA,NA,NA,NA,NA,NA,NA,NA,NA,NA,NA,NA,NA,NA,NA,NA,NA,NA,NA,NA,NA,NA,NA,NA,NA,NA,NA,NA,NA,NA,NA,NA,NA,NA,NA
0.0484070982932945,0.0441918534929422,0.0403192457075271,0.0368868561683448,0.0339765411335736,0.0316297960744216,0.0298324109741177,0.0285167499839252,0.0275823625995907,0.0269250257779501,0.0264603681951197,0.0261336641686828,0.025915916329944,0.0257919297404857,0.0257475563119699,0.0257617939039058,0.0258061634243243,0.0258501644886665,0.0258692089438167,0.0258510636658344,0.0257980960911611,0.0257245517119898,0.0256499669357141,0.0255912164660535,0.0255562364386006,0.0255418179413223,0.0255361344624706,0.0255246335763062,0.0254966171732218,0.0254497935736813,0.025391111893051,0.0253337189394177,0.0252913712652701,0.0252726374773753,0.0252773372383213,0.0252967171933105,0.0253172140145942,0.0253261076006791,0.025316662067125,0.0252906955230681,0.025257617745008,0.0252303610000881,0.0252198577121084,0.025230361000088,0.0252576177450079,0.0252906955230682,0.025316662067125,0.0253261076006789,0.025317214014594,0.0252967171933103,0.0252773372383211,0.025272637477375,0.0252913712652699,0.0253337189394176,0.0253911118930509,0.0254497935736813,0.0254966171732218,0.0255246335763063,0.0255361344624706,0.0255418179413222,0.0255562364386005,0.0255912164660534,0.025649966935714,0.0257245517119895,0.0257980960911607,0.025851063665834,0.0258692089438165,0.0258501644886661,0.0258061634243241,0.0257617939039056,0.0257475563119699,0.0257919297404858,0.0259159163299446,0.0261336641686835,0.0264603681951207,0.0269250257779512,0.027582362599592,0.0285167499839264,0.0298324109741189,0.0316297960744227,0.0339765411335744,0.0368868561683453,0.0403192457075274,0.0441918534929427,0.0484070982932944,NA,NA,NA,NA,NA,NA,NA,NA,NA,NA,NA,NA,NA,NA,NA,NA,NA,NA,NA,NA,NA,NA,NA,NA,NA,NA,NA,NA,NA,NA,NA,NA,NA,NA,NA,NA,NA,NA,NA,NA,NA,NA,NA,NA,NA,NA,NA,NA,NA,NA,NA,NA,NA,NA,NA,NA,NA,NA,NA,NA,NA,NA,NA,NA,NA,NA,NA,NA,NA,NA,NA,NA,NA,NA,NA,NA,NA,NA,NA,NA,NA,NA,NA,NA,NA,NA,NA,NA,NA,NA
0.0480697334107193,0.0438973284890722,0.0400607816953505,0.0366560222800091,0.0337644625153013,0.0314289073693709,0.0296379255915724,0.0283269792725784,0.0273976434184576,0.0267458912226682,0.0262859976770733,0.0259613773397,0.0257418777442793,0.025612658003645,0.0255614702137859,0.0255700126791919,0.0256121442192795,0.0256583249932625,0.0256831363913845,0.0256720537968917,0.0256246055977395,0.0255527970122128,0.0254754702123137,0.0254107019007404,0.0253690768706171,0.025350373863721,0.0253448021511765,0.0253379979372564,0.0253174899767865,0.0252779519443237,0.0252232682377824,0.025164778993564,0.0251165193015871,0.0250894031755331,0.0250867399464885,0.0251029427308555,0.025125920616245,0.0251420612610638,0.0251416816585769,0.0251227593825808,0.0250915365105823,0.0250598154632246,0.0250400237075764,0.0250400237075765,0.0250598154632246,0.0250915365105823,0.0251227593825808,0.0251416816585769,0.0251420612610636,0.0251259206162449,0.0251029427308554,0.0250867399464884,0.0250894031755329,0.025116519301587,0.025164778993564,0.0252232682377823,0.0252779519443236,0.0253174899767865,0.0253379979372561,0.0253448021511764,0.025350373863721,0.025369076870617,0.0254107019007404,0.0254754702123137,0.0255527970122127,0.0256246055977398,0.0256720537968921,0.0256831363913846,0.0256583249932628,0.0256121442192798,0.0255700126791921,0.0255614702137863,0.0256126580036455,0.0257418777442798,0.0259613773397005,0.026285997677074,0.0267458912226689,0.027397643418458,0.0283269792725791,0.0296379255915728,0.0314289073693711,0.0337644625153014,0.0366560222800089,0.0400607816953499,0.0438973284890709,0.0480697334107182,NA,NA,NA,NA,NA,NA,NA,NA,NA,NA,NA,NA,NA,NA,NA,NA,NA,NA,NA,NA,NA,NA,NA,NA,NA,NA,NA,NA,NA,NA,NA,NA,NA,NA,NA,NA,NA,NA,NA,NA,NA,NA,NA,NA,NA,NA,NA,NA,NA,NA,NA,NA,NA,NA,NA,NA,NA,NA,NA,NA,NA,NA,NA,NA,NA,NA,NA,NA,NA,NA,NA,NA,NA,NA,NA,NA,NA,NA,NA,NA,NA,NA,NA,NA,NA,NA,NA,NA,NA
0.0475537944229132,0.0434755765158383,0.0397198204879858,0.0363780197956302,0.0335286711386717,0.0312147162910964,0.0294284275242186,0.028111431403914,0.0271716193541469,0.0265092873386513,0.0260402286825446,0.0257072279247273,0.0254788049444579,0.0253394926601809,0.0252778336883233,0.0252775206291755,0.0253146749223354,0.0253611614541413,0.0253913513049372,0.0253888265273616,0.0253501623738846,0.0252844184414491,0.0252086145834637,0.0251408520877822,0.0250935815863741,0.0250695006934394,0.0250615347599106,0.025056662758939,0.0250418041767983,0.0250093102517522,0.0249599752746434,0.0249025660176657,0.0248501862899018,0.0248149523960192,0.0248031075339275,0.0248125538196352,0.0248337857288832,0.024853767805115,0.0248611019257939,0.0248504049367121,0.0248242380326569,0.0247919100718508,0.0247656419002507,0.0247555796293333,0.0247656419002509,0.0247919100718509,0.024824238032657,0.0248504049367123,0.024861101925794,0.024853767805115,0.0248337857288832,0.0248125538196354,0.0248031075339277,0.0248149523960193,0.0248501862899019,0.0249025660176659,0.0249599752746435,0.0250093102517523,0.0250418041767983,0.0250566627589391,0.0250615347599108,0.0250695006934396,0.0250935815863741,0.0251408520877824,0.0252086145834639,0.0252844184414492,0.0253501623738845,0.0253888265273617,0.0253913513049373,0.0253611614541414,0.0253146749223353,0.0252775206291752,0.0252778336883229,0.0253394926601805,0.0254788049444576,0.0257072279247265,0.0260402286825438,0.0265092873386508,0.0271716193541465,0.0281114314039136,0.0294284275242181,0.0312147162910961,0.0335286711386715,0.03637801979563,0.0397198204879855,0.0434755765158379,0.0475537944229129,NA,NA,NA,NA,NA,NA,NA,NA,NA,NA,NA,NA,NA,NA,NA,NA,NA,NA,NA,NA,NA,NA,NA,NA,NA,NA,NA,NA,NA,NA,NA,NA,NA,NA,NA,NA,NA,NA,NA,NA,NA,NA,NA,NA,NA,NA,NA,NA,NA,NA,NA,NA,NA,NA,NA,NA,NA,NA,NA,NA,NA,NA,NA,NA,NA,NA,NA,NA,NA,NA,NA,NA,NA,NA,NA,NA,NA,NA,NA,NA,NA,NA,NA,NA,NA,NA,NA,NA
0.0483392463584683,0.0440402516999575,0.0400903325098156,0.0365930400943019,0.03363830235995,0.0312756004481283,0.0294949300002973,0.0282258690448122,0.0273578347954053,0.0267720832396498,0.0263698640755093,0.0260862661795867,0.0258887326809014,0.0257654938831144,0.0257110022289733,0.0257145405130331,0.0257556745799199,0.025806903384753,0.0258409411008628,0.0258387292228168,0.0257947333716338,0.0257176214733873,0.0256262210008093,0.0255422454634526,0.0254823964985997,0.0254527422282641,0.025447440616305,0.0254521003970349,0.0254501735536263,0.025429695613355,0.0253878140977308,0.0253315820737563,0.0252749072382772,0.0252329010599122,0.0252158222302405,0.0252250045776204,0.0252523911861704,0.0252837948372388,0.025304468733208,0.0253047289392125,0.0252834969060038,0.025248508878121,0.0252131647462441,0.0251911976703006,0.0251911976703006,0.0252131647462442,0.0252485088781208,0.0252834969060039,0.0253047289392125,0.0253044687332079,0.0252837948372387,0.0252523911861703,0.0252250045776204,0.0252158222302404,0.0252329010599122,0.0252749072382772,0.0253315820737563,0.0253878140977308,0.0254296956133551,0.0254501735536265,0.0254521003970352,0.0254474406163053,0.0254527422282643,0.0254823964986,0.0255422454634528,0.0256262210008094,0.0257176214733874,0.0257947333716339,0.0258387292228165,0.0258409411008626,0.0258069033847528,0.0257556745799197,0.0257145405130328,0.0257110022289729,0.0257654938831139,0.0258887326809009,0.0260862661795863,0.0263698640755092,0.0267720832396495,0.0273578347954051,0.0282258690448116,0.0294949300002974,0.0312756004481285,0.0336383023599501,0.0365930400943021,0.0400903325098159,0.0440402516999579,0.0483392463584689,NA,NA,NA,NA,NA,NA,NA,NA,NA,NA,NA,NA,NA,NA,NA,NA,NA,NA,NA,NA,NA,NA,NA,NA,NA,NA,NA,NA,NA,NA,NA,NA,NA,NA,NA,NA,NA,NA,NA,NA,NA,NA,NA,NA,NA,NA,NA,NA,NA,NA,NA,NA,NA,NA,NA,NA,NA,NA,NA,NA,NA,NA,NA,NA,NA,NA,NA,NA,NA,NA,NA,NA,NA,NA,NA,NA,NA,NA,NA,NA,NA,NA,NA,NA,NA,NA,NA
0.0486110861829783,0.0441976579734214,0.0401468456998773,0.0365692653014585,0.0335621002028986,0.0311796611058773,0.0294115287457755,0.0281804688768361,0.0273644457303854,0.0268323275698446,0.0264754808219674,0.0262234442950179,0.0260426810049679,0.025924162084071,0.0258672694631386,0.0258665459874147,0.025905451540851,0.0259579989721826,0.0259959823973377,0.0259977898159574,0.0259549751343432,0.0258742321352574,0.0257742623789806,0.0256787244013487,0.0256077472435933,0.0255710726242774,0.0255653631391202,0.0255765605677577,0.0255861022168711,0.0255783577180115,0.0255464416585198,0.0254944267376927,0.025435374405323,0.0253860365430591,0.0253602328217583,0.025363436046024,0.0253906843926756,0.0254286026153236,0.0254606204728785,0.0254732496558765,0.0254610232370897,0.025428346269724,0.0253876610079265,0.0253546091279244,0.0253419588541569,0.0253546091279243,0.0253876610079264,0.0254283462697239,0.0254610232370897,0.0254732496558765,0.0254606204728784,0.0254286026153235,0.0253906843926755,0.0253634360460239,0.0253602328217582,0.0253860365430588,0.0254353744053229,0.0254944267376927,0.0255464416585197,0.0255783577180115,0.0255861022168712,0.0255765605677579,0.0255653631391203,0.0255710726242775,0.0256077472435935,0.025678724401349,0.0257742623789809,0.0258742321352574,0.0259549751343435,0.0259977898159578,0.0259959823973378,0.025957998972183,0.0259054515408514,0.0258665459874146,0.0258672694631387,0.0259241620840711,0.0260426810049677,0.0262234442950179,0.0264754808219668,0.0268323275698439,0.0273644457303848,0.0281804688768356,0.0294115287457749,0.0311796611058768,0.0335621002028985,0.036569265301458,0.0401468456998771,0.0441976579734219,0.0486110861829786,NA,NA,NA,NA,NA,NA,NA,NA,NA,NA,NA,NA,NA,NA,NA,NA,NA,NA,NA,NA,NA,NA,NA,NA,NA,NA,NA,NA,NA,NA,NA,NA,NA,NA,NA,NA,NA,NA,NA,NA,NA,NA,NA,NA,NA,NA,NA,NA,NA,NA,NA,NA,NA,NA,NA,NA,NA,NA,NA,NA,NA,NA,NA,NA,NA,NA,NA,NA,NA,NA,NA,NA,NA,NA,NA,NA,NA,NA,NA,NA,NA,NA,NA,NA,NA,NA
0.0490755710808734,0.0444972854233073,0.0403017073818205,0.036609741795057,0.0335288828824853,0.0311198330184229,0.0293705745707272,0.0281929778870315,0.0274479704579795,0.0269869775854338,0.026688290833354,0.0264748069859178,0.0263125666491489,0.0261968295932326,0.0261338046989143,0.0261249985637261,0.02615889213388,0.0262114099211886,0.0262531873330224,0.0262594460363356,0.0262181481614466,0.0261335161253697,0.0260239579522946,0.0259152750979422,0.0258315163256645,0.0257867177111704,0.0257805763627597,0.0257996109924191,0.0258231078275245,0.0258312871688611,0.025812531653096,0.0257672001436249,0.0257069342527861,0.0256498897916263,0.0256136596655482,0.0256084981081907,0.0256334294657143,0.0256767340352135,0.0257205196624169,0.025747472077544,0.02574717628676,0.0257197576513722,0.0256756488489585,0.0256316110339486,0.0256044043468653,0.0256044043468652,0.0256316110339486,0.0256756488489584,0.0257197576513722,0.02574717628676,0.025747472077544,0.0257205196624167,0.0256767340352134,0.0256334294657141,0.0256084981081904,0.0256136596655481,0.025649889791626,0.025706934252786,0.0257672001436245,0.0258125316530958,0.0258312871688609,0.0258231078275243,0.025799610992419,0.0257805763627595,0.0257867177111704,0.0258315163256645,0.0259152750979424,0.0260239579522948,0.02613351612537,0.0262181481614471,0.0262594460363363,0.0262531873330225,0.0262114099211891,0.02615889213388,0.0261249985637261,0.0261338046989145,0.0261968295932325,0.0263125666491488,0.0264748069859174,0.0266882908333541,0.0269869775854336,0.0274479704579789,0.0281929778870313,0.0293705745707268,0.0311198330184229,0.0335288828824855,0.0366097417950571,0.040301707381821,0.0444972854233081,0.0490755710808736,NA,NA,NA,NA,NA,NA,NA,NA,NA,NA,NA,NA,NA,NA,NA,NA,NA,NA,NA,NA,NA,NA,NA,NA,NA,NA,NA,NA,NA,NA,NA,NA,NA,NA,NA,NA,NA,NA,NA,NA,NA,NA,NA,NA,NA,NA,NA,NA,NA,NA,NA,NA,NA,NA,NA,NA,NA,NA,NA,NA,NA,NA,NA,NA,NA,NA,NA,NA,NA,NA,NA,NA,NA,NA,NA,NA,NA,NA,NA,NA,NA,NA,NA,NA,NA
0.0511968101396064,0.0460400721547846,0.0413411517321438,0.0372582134515232,0.0339340103586797,0.0314468760063666,0.0297703306968556,0.0287686749676199,0.0282390499255304,0.0279759298524554,0.0278220094525191,0.0276884438453865,0.0275485764540347,0.0274165525416665,0.027321155411347,0.0272830622937175,0.0273016492062136,0.0273540473129239,0.0274045136770016,0.0274185920456247,0.0273758442561174,0.0272767341614917,0.0271419109554219,0.0270045708348682,0.0268985743125955,0.0268464583615532,0.0268517938376435,0.0268988113456156,0.0269591857810726,0.0270029285923204,0.0270090648551697,0.026972425731776,0.0269046150050344,0.0268291392765382,0.0267724479889716,0.0267540060738496,0.0267790554406637,0.0268368581797288,0.0269050216297018,0.0269580153537573,0.0269764977681487,0.0269541041624523,0.0268995060132225,0.0268331655919226,0.0267798679828452,0.0267595636284783,0.0267798679828454,0.0268331655919227,0.0268995060132227,0.0269541041624523,0.026976497768149,0.0269580153537577,0.026905021629702,0.0268368581797292,0.0267790554406641,0.0267540060738497,0.0267724479889721,0.0268291392765384,0.0269046150050345,0.0269724257317762,0.0270090648551695,0.0270029285923202,0.0269591857810723,0.0268988113456151,0.026851793837643,0.0268464583615527,0.0268985743125949,0.0270045708348676,0.0271419109554216,0.0272767341614912,0.0273758442561169,0.0274185920456246,0.0274045136770014,0.0273540473129244,0.0273016492062137,0.0272830622937175,0.0273211554113474,0.0274165525416672,0.0275485764540351,0.027688443845387,0.0278220094525193,0.0279759298524559,0.0282390499255306,0.0287686749676201,0.0297703306968555,0.0314468760063663,0.0339340103586794,0.0372582134515226,0.0413411517321436,0.0460400721547848,0.0511968101396053,NA,NA,NA,NA,NA,NA,NA,NA,NA,NA,NA,NA,NA,NA,NA,NA,NA,NA,NA,NA,NA,NA,NA,NA,NA,NA,NA,NA,NA,NA,NA,NA,NA,NA,NA,NA,NA,NA,NA,NA,NA,NA,NA,NA,NA,NA,NA,NA,NA,NA,NA,NA,NA,NA,NA,NA,NA,NA,NA,NA,NA,NA,NA,NA,NA,NA,NA,NA,NA,NA,NA,NA,NA,NA,NA,NA,NA,NA,NA,NA,NA,NA,NA,NA
0.0533682372359007,0.0475437291899462,0.0422688177006845,0.0377523684680973,0.0341860114766862,0.0316704253354531,0.0301517657267255,0.0294190640954659,0.029177932748051,0.0291502757371883,0.0291410098059865,0.0290562975787398,0.028888208902134,0.0286831396686026,0.0285054475072378,0.0284050026399123,0.0283967589701644,0.0284575483176793,0.0285388278998472,0.0285878195979304,0.0285676261731812,0.0284695055861292,0.0283145116174382,0.0281450241739781,0.0280091981648053,0.027943493846664,0.0279596318531716,0.0280411035705383,0.0281503996084152,0.0282434511555936,0.0282852633812427,0.0282612571044964,0.0281811282104575,0.0280745467355392,0.0279802278639545,0.0279318820638651,0.0279459450121164,0.0280157933864556,0.0281147249370841,0.0282062709360131,0.0282575425339873,0.0282506814517372,0.0281887567689355,0.0280944827352217,0.0280022168189065,0.0279457019425113,0.0279457019425115,0.0280022168189065,0.0280944827352216,0.0281887567689355,0.0282506814517369,0.0282575425339871,0.028206270936013,0.0281147249370841,0.028015793386456,0.0279459450121167,0.0279318820638654,0.0279802278639549,0.0280745467355397,0.0281811282104579,0.0282612571044967,0.0282852633812429,0.0282434511555936,0.0281503996084155,0.0280411035705383,0.0279596318531719,0.0279434938466638,0.0280091981648053,0.0281450241739779,0.028314511617438,0.0284695055861285,0.0285676261731808,0.0285878195979301,0.0285388278998468,0.0284575483176789,0.0283967589701637,0.0284050026399116,0.028505447507237,0.0286831396686021,0.028888208902134,0.0290562975787395,0.0291410098059863,0.0291502757371892,0.0291779327480512,0.0294190640954661,0.0301517657267258,0.0316704253354531,0.0341860114766852,0.037752368468097,0.0422688177006842,0.047543729189946,0.0533682372359003,NA,NA,NA,NA,NA,NA,NA,NA,NA,NA,NA,NA,NA,NA,NA,NA,NA,NA,NA,NA,NA,NA,NA,NA,NA,NA,NA,NA,NA,NA,NA,NA,NA,NA,NA,NA,NA,NA,NA,NA,NA,NA,NA,NA,NA,NA,NA,NA,NA,NA,NA,NA,NA,NA,NA,NA,NA,NA,NA,NA,NA,NA,NA,NA,NA,NA,NA,NA,NA,NA,NA,NA,NA,NA,NA,NA,NA,NA,NA,NA,NA,NA,NA
0.0506471841044027,0.0457277125880989,0.0412249494458015,0.0372787786269741,0.0340177501921755,0.03151859123526,0.0297712766240644,0.0286707588604978,0.0280463645409719,0.0277139989154402,0.0275226146977409,0.027377352107867,0.0272392952527339,0.0271101920871135,0.0270109603143762,0.0269612008845126,0.0269653009058723,0.0270082810371665,0.0270610136768817,0.0270911487392177,0.0270746996549052,0.0270040418450097,0.0268900261175072,0.0267579468941338,0.0266388380598933,0.0265589535372037,0.0265310436674234,0.0265505910564474,0.0265983077087259,0.0266476719998605,0.0266744358385907,0.0266646769696021,0.0266188941874641,0.0265511224266511,0.0264835517893692,0.0264384587084709,0.0264301891044876,0.0264600671710507,0.0265161097863313,0.0265775561076056,0.0266223639811595,0.0266348735670117,0.026611042496756,0.0265596488937932,0.026499155068149,0.0264512349197003,0.0264330866366199,0.0264512349197003,0.0264991550681491,0.0265596488937932,0.0266110424967559,0.0266348735670117,0.0266223639811595,0.0265775561076057,0.0265161097863313,0.0264600671710506,0.0264301891044876,0.0264384587084709,0.0264835517893693,0.0265511224266511,0.0266188941874643,0.0266646769696022,0.0266744358385909,0.0266476719998607,0.0265983077087259,0.0265505910564474,0.0265310436674232,0.0265589535372036,0.0266388380598931,0.0267579468941336,0.0268900261175071,0.0270040418450094,0.0270746996549047,0.0270911487392173,0.0270610136768817,0.0270082810371663,0.0269653009058725,0.0269612008845126,0.0270109603143769,0.0271101920871138,0.027239295252735,0.027377352107868,0.0275226146977414,0.0277139989154407,0.0280463645409727,0.0286707588604985,0.029771276624065,0.03151859123526,0.0340177501921757,0.0372787786269739,0.0412249494458018,0.0457277125880983,0.0506471841044015,NA,NA,NA,NA,NA,NA,NA,NA,NA,NA,NA,NA,NA,NA,NA,NA,NA,NA,NA,NA,NA,NA,NA,NA,NA,NA,NA,NA,NA,NA,NA,NA,NA,NA,NA,NA,NA,NA,NA,NA,NA,NA,NA,NA,NA,NA,NA,NA,NA,NA,NA,NA,NA,NA,NA,NA,NA,NA,NA,NA,NA,NA,NA,NA,NA,NA,NA,NA,NA,NA,NA,NA,NA,NA,NA,NA,NA,NA,NA,NA,NA,NA
0.0496250071676825,0.0449628867928572,0.0406816158456934,0.0369050904523059,0.0337479394005335,0.0312816437623987,0.0295049641056721,0.0283349906195354,0.0276285284699735,0.0272242379006858,0.0269833233590081,0.0268125831236423,0.0266674304717263,0.0265408064169107,0.0264454732218505,0.0263961703755368,0.026396693385608,0.0264349294219878,0.0264860055635946,0.0265208850902022,0.0265163082749404,0.026462327781216,0.0263651590973588,0.0262447707886242,0.0261281482309816,0.0260403935046957,0.0259965956506659,0.0259973002537385,0.0260291509551954,0.0260702656372873,0.0260981437953253,0.0260972142501749,0.0260636006051335,0.0260058103139057,0.0259413365279224,0.0258903434983956,0.0258685233712516,0.0258815850473748,0.0259233503675796,0.0259781026463528,0.0260262083982534,0.0260508918415864,0.0260438196996047,0.026007737540725,0.0259554049184754,0.0259051912170011,0.0258747266752406,0.0258747266752407,0.0259051912170013,0.0259554049184754,0.0260077375407251,0.0260438196996048,0.0260508918415867,0.0260262083982535,0.0259781026463531,0.0259233503675798,0.0258815850473749,0.0258685233712516,0.0258903434983955,0.0259413365279222,0.0260058103139055,0.0260636006051332,0.0260972142501747,0.0260981437953254,0.0260702656372873,0.0260291509551954,0.0259973002537385,0.0259965956506659,0.026040393504696,0.0261281482309818,0.0262447707886245,0.0263651590973591,0.0264623277812162,0.0265163082749407,0.0265208850902024,0.0264860055635949,0.0264349294219875,0.0263966933856076,0.0263961703755363,0.02644547322185,0.0265408064169099,0.0266674304717254,0.0268125831236413,0.0269833233590071,0.0272242379006846,0.0276285284699726,0.0283349906195344,0.0295049641056715,0.0312816437623984,0.033747939400534,0.0369050904523061,0.0406816158456944,0.0449628867928577,0.0496250071676836,NA,NA,NA,NA,NA,NA,NA,NA,NA,NA,NA,NA,NA,NA,NA,NA,NA,NA,NA,NA,NA,NA,NA,NA,NA,NA,NA,NA,NA,NA,NA,NA,NA,NA,NA,NA,NA,NA,NA,NA,NA,NA,NA,NA,NA,NA,NA,NA,NA,NA,NA,NA,NA,NA,NA,NA,NA,NA,NA,NA,NA,NA,NA,NA,NA,NA,NA,NA,NA,NA,NA,NA,NA,NA,NA,NA,NA,NA,NA,NA,NA
0.0489756401543774,0.0444538307516983,0.0402932870975262,0.036609894921624,0.0335116758064755,0.0310680955309564,0.0292828336095159,0.028084230119543,0.0273426709850115,0.0269078078698675,0.0266464158228611,0.0264654846380803,0.0263170767484772,0.0261895987299667,0.0260921723406085,0.026038102013839,0.0260322066464919,0.026065062735137,0.0261147264178343,0.026153915750872,0.0261591018277979,0.0261180040139897,0.0260331543704095,0.0259207041873441,0.025805030159165,0.0257108485875849,0.0256553497220336,0.0256429946001383,0.0256647619682285,0.0257019657026964,0.0257330514587001,0.0257408564306775,0.0257179499405216,0.0256685412319541,0.0256065690710767,0.0255506831313195,0.0255177421972684,0.0255169873817994,0.0255469124903883,0.0255959230497867,0.025646459955386,0.0256810153745873,0.025687927588137,0.0256650939114159,0.0256205124730472,0.0255695353169726,0.0255296838606597,0.0255146755024262,0.0255296838606595,0.0255695353169726,0.0256205124730473,0.025665093911416,0.025687927588137,0.025681015374587,0.0256464599553861,0.0255959230497868,0.0255469124903882,0.0255169873817992,0.0255177421972682,0.0255506831313192,0.0256065690710764,0.0256685412319539,0.0257179499405215,0.0257408564306772,0.0257330514586999,0.0257019657026964,0.0256647619682285,0.0256429946001385,0.0256553497220337,0.0257108485875851,0.0258050301591652,0.0259207041873445,0.0260331543704103,0.0261180040139902,0.0261591018277982,0.0261539157508727,0.0261147264178344,0.0260650627351372,0.026032206646492,0.0260381020138391,0.0260921723406085,0.0261895987299664,0.026317076748477,0.0264654846380797,0.0266464158228605,0.0269078078698675,0.027342670985011,0.0280842301195429,0.0292828336095158,0.0310680955309563,0.0335116758064759,0.0366098949216248,0.0402932870975276,0.0444538307517,0.0489756401543792,NA,NA,NA,NA,NA,NA,NA,NA,NA,NA,NA,NA,NA,NA,NA,NA,NA,NA,NA,NA,NA,NA,NA,NA,NA,NA,NA,NA,NA,NA,NA,NA,NA,NA,NA,NA,NA,NA,NA,NA,NA,NA,NA,NA,NA,NA,NA,NA,NA,NA,NA,NA,NA,NA,NA,NA,NA,NA,NA,NA,NA,NA,NA,NA,NA,NA,NA,NA,NA,NA,NA,NA,NA,NA,NA,NA,NA,NA,NA,NA
0.0478123003608392,0.0436063969278658,0.0397205730795549,0.0362526777030315,0.0332942856376187,0.0309066689459062,0.0290995465145981,0.0278224442932961,0.0269756537213087,0.0264372003720834,0.0260928977942078,0.0258571432989246,0.0256798327262528,0.0255416026064439,0.0254423431440558,0.0253880036243827,0.025379839377195,0.0254088416818344,0.025456128343143,0.0254980077778066,0.025513080149426,0.0254885610577424,0.0254237751343763,0.0253299121249062,0.0252262630164227,0.0251341120396634,0.0250701603937682,0.025041587946171,0.025044380239543,0.0250653939461414,0.0250872708000455,0.0250943746726549,0.0250777681984291,0.025037757924397,0.0249833842515124,0.0249291335566532,0.0248899451148108,0.0248761276066327,0.024889886542818,0.0249246492737068,0.0249673739227675,0.0250029574653725,0.025019184531573,0.02501059794341,0.0249801229185919,0.0249379985639893,0.0248983603136695,0.0248745293014538,0.0248745293014538,0.0248983603136698,0.0249379985639894,0.0249801229185921,0.0250105979434101,0.025019184531573,0.0250029574653727,0.0249673739227675,0.0249246492737069,0.0248898865428182,0.0248761276066326,0.0248899451148108,0.0249291335566535,0.0249833842515125,0.0250377579243972,0.0250777681984292,0.0250943746726551,0.0250872708000458,0.0250653939461416,0.0250443802395432,0.0250415879461712,0.0250701603937683,0.0251341120396635,0.025226263016423,0.0253299121249065,0.0254237751343762,0.0254885610577424,0.0255130801494261,0.0254980077778067,0.0254561283431428,0.0254088416818343,0.0253798393771947,0.0253880036243827,0.0254423431440557,0.0255416026064437,0.0256798327262523,0.0258571432989249,0.0260928977942075,0.0264372003720835,0.0269756537213086,0.0278224442932964,0.0290995465145984,0.0309066689459064,0.0332942856376191,0.0362526777030318,0.0397205730795553,0.0436063969278661,0.0478123003608394,NA,NA,NA,NA,NA,NA,NA,NA,NA,NA,NA,NA,NA,NA,NA,NA,NA,NA,NA,NA,NA,NA,NA,NA,NA,NA,NA,NA,NA,NA,NA,NA,NA,NA,NA,NA,NA,NA,NA,NA,NA,NA,NA,NA,NA,NA,NA,NA,NA,NA,NA,NA,NA,NA,NA,NA,NA,NA,NA,NA,NA,NA,NA,NA,NA,NA,NA,NA,NA,NA,NA,NA,NA,NA,NA,NA,NA,NA,NA
0.0470721605377984,0.0430792612157538,0.0393788954200001,0.0360574091948703,0.0331959785722048,0.0308505606575809,0.0290341588673859,0.0277088802991949,0.0267934192798303,0.0261840259210295,0.0257795126735837,0.0255001169891987,0.0252953421399552,0.0251416101050649,0.0250334574732218,0.024972533249614,0.0249580924581054,0.0249815401782905,0.0250259620526968,0.0250698312389888,0.0250928414762567,0.0250814987401964,0.0250326069306416,0.0249536889549307,0.0248603347317676,0.0247713006615974,0.0247028202392441,0.0246638751340474,0.0246539274886572,0.0246637915398844,0.0246792121006558,0.0246858120803153,0.0246737374140427,0.0246405909536609,0.0245918814281257,0.0245389676992914,0.0244951870144163,0.0244713953155687,0.0244723653996318,0.0244952418004454,0.0245305503934637,0.0245653596173479,0.0245874720239702,0.0245892599999674,0.0245699679043025,0.024535825026584,0.0244979641919715,0.024468779429511,0.0244578532384884,0.0244687794295112,0.0244979641919716,0.024535825026584,0.0245699679043027,0.0245892599999676,0.0245874720239703,0.0245653596173481,0.0245305503934638,0.0244952418004454,0.0244723653996318,0.0244713953155686,0.0244951870144162,0.0245389676992913,0.0245918814281255,0.0246405909536604,0.0246737374140424,0.024685812080315,0.0246792121006554,0.0246637915398838,0.0246539274886569,0.0246638751340469,0.0247028202392435,0.0247713006615969,0.0248603347317672,0.0249536889549306,0.0250326069306414,0.0250814987401961,0.0250928414762567,0.025069831238989,0.0250259620526972,0.0249815401782909,0.0249580924581056,0.0249725332496145,0.0250334574732225,0.0251416101050655,0.0252953421399557,0.0255001169891992,0.0257795126735845,0.0261840259210304,0.0267934192798309,0.0277088802991953,0.0290341588673862,0.0308505606575813,0.0331959785722051,0.0360574091948705,0.0393788954200004,0.0430792612157541,0.0470721605377983,NA,NA,NA,NA,NA,NA,NA,NA,NA,NA,NA,NA,NA,NA,NA,NA,NA,NA,NA,NA,NA,NA,NA,NA,NA,NA,NA,NA,NA,NA,NA,NA,NA,NA,NA,NA,NA,NA,NA,NA,NA,NA,NA,NA,NA,NA,NA,NA,NA,NA,NA,NA,NA,NA,NA,NA,NA,NA,NA,NA,NA,NA,NA,NA,NA,NA,NA,NA,NA,NA,NA,NA,NA,NA,NA,NA,NA,NA
0.0470212794383335,0.0430173056017443,0.0393057004754727,0.0359735017143431,0.0331031964091298,0.0307525491190497,0.028936331513168,0.0276175799794161,0.0267144622581199,0.0261212171136917,0.0257337162740601,0.025469137657096,0.025274561133009,0.0251251698958472,0.0250157148781586,0.024949431301055,0.0249280719079611,0.0249457049154835,0.0249874445058484,0.0250325786444467,0.0250602266837153,0.0250551832633993,0.0250119779383869,0.0249360210145804,0.0248416352901324,0.0247476064115368,0.024671552390172,0.0246247992971042,0.0246093618237498,0.0246179606335032,0.0246369522319885,0.0246510564677052,0.0246482659840383,0.0246234294846457,0.02457954008376,0.0245264738221492,0.0244776313027141,0.024445524861715,0.0244376959029243,0.0244542860781182,0.0244880548854989,0.0245267896959001,0.0245572408253122,0.0245692652691493,0.0245588934281445,0.0245294378041631,0.0244903563653259,0.0244542167964604,0.0244326670976334,0.0244326670976335,0.0244542167964605,0.0244903563653259,0.0245294378041632,0.0245588934281444,0.0245692652691492,0.0245572408253121,0.0245267896958999,0.0244880548854987,0.0244542860781182,0.0244376959029243,0.024445524861715,0.0244776313027141,0.0245264738221489,0.0245795400837602,0.0246234294846457,0.0246482659840383,0.0246510564677052,0.0246369522319886,0.0246179606335034,0.0246093618237499,0.0246247992971043,0.024671552390172,0.0247476064115366,0.0248416352901324,0.0249360210145803,0.0250119779383868,0.025055183263399,0.0250602266837152,0.0250325786444466,0.0249874445058481,0.0249457049154835,0.024928071907961,0.0249494313010552,0.0250157148781588,0.0251251698958473,0.0252745611330094,0.0254691376570965,0.0257337162740606,0.0261212171136926,0.0267144622581211,0.0276175799794164,0.0289363315131684,0.0307525491190498,0.0331031964091299,0.035973501714343,0.0393057004754725,0.043017305601744,0.0470212794383335,NA,NA,NA,NA,NA,NA,NA,NA,NA,NA,NA,NA,NA,NA,NA,NA,NA,NA,NA,NA,NA,NA,NA,NA,NA,NA,NA,NA,NA,NA,NA,NA,NA,NA,NA,NA,NA,NA,NA,NA,NA,NA,NA,NA,NA,NA,NA,NA,NA,NA,NA,NA,NA,NA,NA,NA,NA,NA,NA,NA,NA,NA,NA,NA,NA,NA,NA,NA,NA,NA,NA,NA,NA,NA,NA,NA,NA
0.0481908216969126,0.0438783568363362,0.03989204294997,0.0363348514587588,0.0333056419666544,0.0308738168043377,0.0290551641532367,0.0277998673757513,0.0270018959755551,0.0265274265174813,0.0262483322063839,0.0260664655730615,0.025923060822227,0.0257953672497171,0.0256855262044194,0.02560659143127,0.0255697668788945,0.0255759630559038,0.0256133154433132,0.0256603619553098,0.0256928230152432,0.0256911319567235,0.0256461782081375,0.0255617027890942,0.0254528951521535,0.0253417265522433,0.02525037616069,0.0251946852722681,0.0251796776059004,0.0251985806928289,0.0252355700089405,0.0252711499814373,0.0252882903499452,0.0252774086581923,0.0252388502514617,0.0251823246264916,0.0251235746973618,0.0250792799486516,0.0250617232798445,0.0250748985400134,0.0251133271298483,0.0251639375561129,0.0252103002418,0.0252377670056987,0.0252378978409592,0.0252109043241958,0.0251654701900172,0.025116028390321,0.02507826649609,0.0250641853494896,0.02507826649609,0.0251160283903211,0.0251654701900176,0.0252109043241961,0.0252378978409595,0.025237767005699,0.0252103002418003,0.0251639375561131,0.0251133271298485,0.0250748985400136,0.0250617232798446,0.0250792799486517,0.0251235746973619,0.0251823246264916,0.0252388502514615,0.0252774086581922,0.0252882903499452,0.0252711499814371,0.0252355700089403,0.025198580692829,0.0251796776059001,0.025194685272268,0.0252503761606899,0.0253417265522429,0.0254528951521531,0.025561702789094,0.025646178208137,0.025691131956723,0.0256928230152422,0.0256603619553097,0.0256133154433129,0.0255759630559034,0.0255697668788941,0.02560659143127,0.0256855262044195,0.0257953672497175,0.0259230608222272,0.0260664655730616,0.0262483322063842,0.0265274265174816,0.0270018959755556,0.0277998673757516,0.0290551641532367,0.0308738168043377,0.0333056419666539,0.0363348514587579,0.0398920429499686,0.0438783568363351,0.0481908216969106,NA,NA,NA,NA,NA,NA,NA,NA,NA,NA,NA,NA,NA,NA,NA,NA,NA,NA,NA,NA,NA,NA,NA,NA,NA,NA,NA,NA,NA,NA,NA,NA,NA,NA,NA,NA,NA,NA,NA,NA,NA,NA,NA,NA,NA,NA,NA,NA,NA,NA,NA,NA,NA,NA,NA,NA,NA,NA,NA,NA,NA,NA,NA,NA,NA,NA,NA,NA,NA,NA,NA,NA,NA,NA,NA,NA
0.0511386785645415,0.0460111300775327,0.041306117593717,0.0371758247831219,0.0337696379470426,0.0311901151284941,0.0294473994109206,0.0284382698445131,0.0279709897553864,0.0278246156932014,0.0278074803274367,0.0277901972832626,0.0277117185507152,0.0275679119616594,0.0273915329346437,0.0272294750968961,0.0271218842963608,0.0270875165564837,0.0271186297224819,0.0271858131418069,0.0272497008997083,0.0272745925793433,0.0272394267448581,0.0271433708554667,0.0270051992114149,0.0268570898143951,0.0267346321293346,0.0266658614565717,0.0266627085039587,0.0267177329047046,0.0268071741012658,0.0268989705152491,0.0269627521698363,0.0269785930339534,0.0269421948122811,0.0268654250714871,0.0267722963460482,0.0266915029383619,0.0266475625030938,0.0266532216912277,0.0267056211190875,0.0267875168647003,0.0268730236567183,0.0269357891169224,0.0269569293684384,0.0269304590242828,0.0268648686879231,0.0267805274699942,0.0267035832492817,0.0266579850935225,0.0266579850938322,0.026703583249972,0.0267805274705065,0.026864868687727,0.0269304590231668,0.0269569293665846,0.0269357891148121,0.0268730236549278,0.0267875168636442,0.0267056211188164,0.0266532216914069,0.0266475625032095,0.0266915029380188,0.0267722963452018,0.0268654250704706,0.026942194811608,0.0269785930340257,0.0269627521707413,0.0268989705167256,0.026807174102833,0.0267177329058919,0.02666270850454,0.0266658614566687,0.0267346321293183,0.0268570898146585,0.0270051992121553,0.0271433708565799,0.0272394267459737,0.0272745925800048,0.027249700899623,0.0271858131410099,0.0271186297213191,0.027087516555415,0.027121884295705,0.0272294750966786,0.0273915329346479,0.027567911961604,0.0277117185504163,0.0277901972826999,0.0278074803267235,0.02782461569252,0.0279709897549199,0.0284382698443704,0.0294473994110581,0.0311901151287216,0.0337696379471573,0.0371758247830663,0.0413061175936292,0.0460111300776722,0.0511386785651651,NA,NA,NA,NA,NA,NA,NA,NA,NA,NA,NA,NA,NA,NA,NA,NA,NA,NA,NA,NA,NA,NA,NA,NA,NA,NA,NA,NA,NA,NA,NA,NA,NA,NA,NA,NA,NA,NA,NA,NA,NA,NA,NA,NA,NA,NA,NA,NA,NA,NA,NA,NA,NA,NA,NA,NA,NA,NA,NA,NA,NA,NA,NA,NA,NA,NA,NA,NA,NA,NA,NA,NA,NA,NA,NA
0.0539593138849761,0.0479678601454701,0.0425066046350785,0.0377914070330884,0.0340393350394341,0.0313951655480811,0.0298503052116095,0.0292124836209011,0.0291662621355509,0.0293832629722372,0.029607983876655,0.0296910832877676,0.0295847835221118,0.0293203611404228,0.0289783125968163,0.0286555500000011,0.0284336367612569,0.0283545546376918,0.0284111147822542,0.0285547152597838,0.0287158112433994,0.0288279238876966,0.0288469634778317,0.0287615841983263,0.0285937424609006,0.0283905114751937,0.0282093567303231,0.028100469336412,0.0280912458079091,0.0281782062195119,0.028329276671228,0.0284951627678025,0.0286251199031708,0.0286816909686082,0.0286504845159557,0.0285431520340197,0.0283933640284552,0.0282468314985561,0.0281477242388635,0.0281252140447446,0.0281845197543266,0.0283057065565466,0.0284505947926952,0.0285750128771804,0.0286420730792333,0.0286325644390374,0.0285500176808915,0.028419500652326,0.0282804655078663,0.0281752374203035,0.0281361352654034,0.0281752374204283,0.0282804655080342,0.0284195006524087,0.0285500176807735,0.0286325644386887,0.0286420730787391,0.0285750128766975,0.0284505947923611,0.0283057065564121,0.0281845197543433,0.0281252140448028,0.0281477242388566,0.0282468314984378,0.028393364028262,0.0285431520338516,0.0286504845159271,0.0286816909687881,0.0286251199035369,0.0284951627682467,0.0283292766716109,0.0281782062197362,0.0280912458079665,0.0281004693363845,0.0282093567303369,0.0283905114753469,0.0285937424612072,0.0287615841987077,0.0288469634781562,0.0288279238878373,0.028715811243283,0.0285547152594216,0.0284111147817471,0.0283545546371948,0.0284336367609162,0.0286555499998766,0.0289783125968341,0.0293203611404075,0.0295847835218913,0.0296910832872859,0.0296079838760216,0.0293832629716676,0.0291662621352438,0.0292124836209229,0.0298503052118465,0.031395165548325,0.0340393350395308,0.0377914070330418,0.0425066046350386,0.0479678601456364,0.0539593138855194,NA,NA,NA,NA,NA,NA,NA,NA,NA,NA,NA,NA,NA,NA,NA,NA,NA,NA,NA,NA,NA,NA,NA,NA,NA,NA,NA,NA,NA,NA,NA,NA,NA,NA,NA,NA,NA,NA,NA,NA,NA,NA,NA,NA,NA,NA,NA,NA,NA,NA,NA,NA,NA,NA,NA,NA,NA,NA,NA,NA,NA,NA,NA,NA,NA,NA,NA,NA,NA,NA,NA,NA,NA,NA
0.0530601656705235,0.0473182907617337,0.0420704048716125,0.0375125826853252,0.0338428118170889,0.0311977821311642,0.0295821911457043,0.0288375541966111,0.0286873207847222,0.0288308520070336,0.0290237374252579,0.0291139939599559,0.0290424830568682,0.0288248354938713,0.0285255024444449,0.0282286873331003,0.0280098053641217,0.0279127762350241,0.0279391863414601,0.0280523117168174,0.0281931305645271,0.0283010567107255,0.0283320156029359,0.0282693937558908,0.0281264857103041,0.0279409881228161,0.0277632286259122,0.0276409752225292,0.0276049635635862,0.0276597854161587,0.0277833396010638,0.0279347780039765,0.0280676239630966,0.0281433965383339,0.0281418479015702,0.0280656312640095,0.0279387790484083,0.0277995507189307,0.0276893099492291,0.0276402758236368,0.0276658292786153,0.0277566860919027,0.027884280634595,0.0280099749358258,0.028096755088874,0.0281197635217855,0.0280729631501668,0.0279705502786375,0.0278429165084062,0.0277280443222712,0.027660390022183,0.0276603900222227,0.0277280443223562,0.0278429165084559,0.0279705502785756,0.0280729631499707,0.0281197635215049,0.0280967550886068,0.0280099749356599,0.0278842806345587,0.027756686091957,0.0276658292786872,0.0276402758236679,0.0276893099492057,0.0277995507188841,0.0279387790483906,0.028065631264061,0.0281418479016982,0.0281433965385093,0.0280676239632676,0.0279347780040977,0.027783339601114,0.0276597854161501,0.0276049635635537,0.0276409752225091,0.0277632286259283,0.0279409881228708,0.0281264857103813,0.0282693937559642,0.0283320156029753,0.0283010567107096,0.0281931305644502,0.0280523117166887,0.0279391863413098,0.0279127762348892,0.0280098053640359,0.0282286873330741,0.0285255024444504,0.0288248354938554,0.0290424830567829,0.0291139939597954,0.029023737425064,0.0288308520068735,0.0286873207846501,0.0288375541966374,0.0295821911457887,0.0311977821312414,0.0338428118171168,0.0375125826853109,0.0420704048716009,0.0473182907617872,0.0530601656706939,NA,NA,NA,NA,NA,NA,NA,NA,NA,NA,NA,NA,NA,NA,NA,NA,NA,NA,NA,NA,NA,NA,NA,NA,NA,NA,NA,NA,NA,NA,NA,NA,NA,NA,NA,NA,NA,NA,NA,NA,NA,NA,NA,NA,NA,NA,NA,NA,NA,NA,NA,NA,NA,NA,NA,NA,NA,NA,NA,NA,NA,NA,NA,NA,NA,NA,NA,NA,NA,NA,NA,NA,NA
0.0520493093376593,0.0465919061957774,0.0415890553503579,0.0372154522634916,0.0336479583119291,0.0310127386914489,0.0293256936800512,0.02846221357624,0.028188073175062,0.0282357817200024,0.0283769756854566,0.0284602582043081,0.0284165869976698,0.0282459760484711,0.0279956891682889,0.0277350636890129,0.0275304603109514,0.0274246755827556,0.0274257304157353,0.02750790812523,0.0276234952055856,0.0277198089532038,0.0277552885395408,0.0277103208057068,0.0275910224936351,0.0274260472953124,0.0272576237211568,0.027129024848518,0.027071742722953,0.0270962454983106,0.0271894194701379,0.0273194361983488,0.0274459787845205,0.0275321216554636,0.0275542876951119,0.0275079401432588,0.0274080495343821,0.0272844874262063,0.0271734533175556,0.0271070227717984,0.0271037334323427,0.0271632072221681,0.0272666449510787,0.0273829210852752,0.0274780425410495,0.0275248980807063,0.027510610024531,0.0274398109424589,0.0273332320816622,0.0272219477441979,0.0271385811730588,0.0271077438663175,0.0271385811732903,0.0272219477444371,0.027333232081619,0.0274398109419756,0.0275106100236922,0.0275248980797935,0.0274780425403836,0.0273829210850353,0.0272666449512124,0.0271632072224537,0.0271037334325496,0.0271070227718266,0.027173453317463,0.0272844874261429,0.0274080495344893,0.0275079401435854,0.0275542876955956,0.0275321216559721,0.0274459787849189,0.0273194361985583,0.0271894194701611,0.0270962454982199,0.0270717427228493,0.0271290248484843,0.0272576237212326,0.0274260472954891,0.0275910224938564,0.0277103208058813,0.0277552885395755,0.0277198089530495,0.027623495205258,0.0275079081248035,0.0274257304153082,0.0274246755824212,0.0275304603107672,0.0277350636889703,0.0279956891682987,0.0282459760484028,0.0284165869974324,0.0284602582039039,0.0283769756849791,0.0282357817195958,0.028188073174856,0.0284622135762742,0.0293256936802416,0.0310127386916398,0.0336479583119998,0.0372154522634431,0.0415890553503186,0.0465919061959292,0.0520493093381631,NA,NA,NA,NA,NA,NA,NA,NA,NA,NA,NA,NA,NA,NA,NA,NA,NA,NA,NA,NA,NA,NA,NA,NA,NA,NA,NA,NA,NA,NA,NA,NA,NA,NA,NA,NA,NA,NA,NA,NA,NA,NA,NA,NA,NA,NA,NA,NA,NA,NA,NA,NA,NA,NA,NA,NA,NA,NA,NA,NA,NA,NA,NA,NA,NA,NA,NA,NA,NA,NA,NA,NA
0.0498946216097411,0.0451342851724,0.0407396954201199,0.0368375154946431,0.0335549449212865,0.0309869987222665,0.029160830689726,0.0280140604559016,0.0274045863593418,0.027150532442479,0.0270781321496049,0.02705545128707,0.0270051402531031,0.0269008968066969,0.0267546267685521,0.026599517326166,0.0264727128136974,0.0264008513097851,0.0263913996615907,0.0264314388907628,0.0264932801943456,0.026544159061108,0.0265564243893739,0.0265152460470538,0.0264221649184107,0.0262940626175697,0.0261580945160614,0.0260439244189225,0.0259752951188821,0.0259633466596104,0.0260037504881622,0.0260785156008517,0.0261616940363997,0.0262269775620372,0.0262548532637307,0.0262374673242312,0.0261801801457662,0.0260996278809256,0.0260188427986419,0.0259606566017543,0.0259411485148626,0.0259650559856333,0.026024579536303,0.0261019210357153,0.0261746466234904,0.0262221379123044,0.026231264580705,0.0261998385122797,0.0261370810556813,0.0260610382236476,0.0259935614163937,0.0259541126533496,0.0259541126533429,0.0259935614163796,0.0260610382236403,0.0261370810556928,0.0261998385123122,0.0262312645807496,0.0262221379123462,0.0261746466235164,0.02610192103572,0.0260245795362923,0.0259650559856188,0.025941148514855,0.025960656601756,0.0260188427986479,0.0260996278809261,0.0261801801457534,0.0262374673242041,0.0262548532636963,0.0262269775620046,0.0261616940363777,0.0260785156008442,0.0260037504881671,0.0259633466596206,0.0259752951188893,0.0260439244189228,0.0261580945160539,0.0262940626175581,0.0264221649184003,0.02651524604705,0.0265564243893799,0.0265441590611232,0.0264932801943669,0.0264314388907876,0.0263913996616137,0.0264008513098032,0.0264727128137077,0.0265995173261681,0.0267546267685501,0.0269008968066985,0.0270051402531153,0.0270554512870962,0.0270781321496415,0.0271505324425177,0.0274045863593682,0.0280140604559093,0.0291608306897181,0.0309869987222543,0.0335549449212815,0.0368375154946479,0.0407396954201247,0.045134285172389,0.0498946216097003,NA,NA,NA,NA,NA,NA,NA,NA,NA,NA,NA,NA,NA,NA,NA,NA,NA,NA,NA,NA,NA,NA,NA,NA,NA,NA,NA,NA,NA,NA,NA,NA,NA,NA,NA,NA,NA,NA,NA,NA,NA,NA,NA,NA,NA,NA,NA,NA,NA,NA,NA,NA,NA,NA,NA,NA,NA,NA,NA,NA,NA,NA,NA,NA,NA,NA,NA,NA,NA,NA,NA
0.0500220851983137,0.0451924048087431,0.0407344374942652,0.0367791917781463,0.0334593967718114,0.0308753947716153,0.0290569925273051,0.0279395394113701,0.0273737420122702,0.027168137398738,0.0271400106943916,0.0271508967887696,0.0271198049611819,0.0270195725845659,0.0268637931915641,0.0266895471579476,0.0265394296077406,0.0264460109440685,0.0264218184575128,0.0264569132508666,0.02652388943828,0.0265877250499616,0.0266167538843302,0.0265914737803863,0.0265092356833383,0.0263841970160174,0.0262429283171626,0.0261168492620567,0.0260333927420893,0.0260083169328056,0.0260414867067478,0.0261174291692813,0.0262103196454191,0.0262915849420125,0.0263377106036141,0.0263361616388217,0.0262881335458727,0.0262077062331158,0.0261177201994494,0.0260433730137114,0.0260051482319361,0.0260130456988512,0.0260638680952515,0.0261424048092191,0.0262260516918188,0.0262913240308705,0.026320309965238,0.0263053724032647,0.0262510322985262,0.0261726684718881,0.0260923473188405,0.0260327576206603,0.0260108116788592,0.0260327576206558,0.0260923473188363,0.0261726684718892,0.0262510322985351,0.0263053724032788,0.0263203099652526,0.0262913240308811,0.0262260516918223,0.026142404809216,0.0260638680952454,0.0260130456988466,0.0260051482319348,0.0260433730137123,0.0261177201994491,0.0262077062331117,0.0262881335458642,0.0263361616388112,0.0263377106036048,0.0262915849420073,0.0262103196454184,0.0261174291692845,0.0260414867067526,0.0260083169328092,0.0260333927420913,0.0261168492620567,0.0262429283171614,0.0263841970160155,0.0265092356833368,0.0265914737803852,0.0266167538843299,0.0265877250499624,0.0265238894382828,0.0264569132508722,0.0264218184575196,0.0264460109440751,0.0265394296077451,0.0266895471579487,0.026863793191562,0.0270195725845642,0.0271198049611852,0.0271508967887792,0.0271400106944074,0.0271681373987564,0.0273737420122833,0.027939539411375,0.0290569925273015,0.0308753947716099,0.0334593967718092,0.0367791917781489,0.0407344374942673,0.0451924048087389,0.0500220851982967,NA,NA,NA,NA,NA,NA,NA,NA,NA,NA,NA,NA,NA,NA,NA,NA,NA,NA,NA,NA,NA,NA,NA,NA,NA,NA,NA,NA,NA,NA,NA,NA,NA,NA,NA,NA,NA,NA,NA,NA,NA,NA,NA,NA,NA,NA,NA,NA,NA,NA,NA,NA,NA,NA,NA,NA,NA,NA,NA,NA,NA,NA,NA,NA,NA,NA,NA,NA,NA,NA
0.0507073547133265,0.0456698812516138,0.0410255900120009,0.0369182378853356,0.0334951919671236,0.0308687499889791,0.0290713011815067,0.0280268231388218,0.0275632428433883,0.0274634729202703,0.0275242730126597,0.0275950166766231,0.0275905420502519,0.0274859015736934,0.0273016693129195,0.0270850955321389,0.0268902821271072,0.0267604019724468,0.0267154322584569,0.0267482194358743,0.0268292956850112,0.026917869361502,0.0269747033754494,0.0269729230849401,0.0269043466957987,0.0267805262705893,0.0266288068414943,0.0264845029179617,0.0263810474547108,0.0263406642788341,0.0263683007010024,0.0264507295942998,0.0265609708402885,0.0266663378000059,0.0267374396430039,0.0267556330241546,0.0267172670284358,0.0266340233471369,0.0265294588970666,0.0264325615026879,0.0263698240111946,0.0263579120393597,0.0263990866369656,0.0264808279654155,0.0265797209346302,0.0266682472738352,0.0267223551907507,0.0267277436740998,0.0266834094422752,0.0266017633258958,0.0265053380368638,0.0264207984757162,0.0263716592064979,0.0263716592064967,0.0264207984757136,0.0265053380368631,0.0266017633258997,0.0266834094422822,0.0267277436741073,0.0267223551907557,0.0266682472738365,0.026579720934628,0.0264808279654116,0.0263990866369625,0.0263579120393585,0.0263698240111946,0.0264325615026873,0.0265294588970637,0.0266340233471319,0.026717267028431,0.0267556330241519,0.0267374396430049,0.0266663378000093,0.0265609708402927,0.0264507295943033,0.0263683007010042,0.026340664278834,0.02638104745471,0.0264845029179609,0.0266288068414937,0.0267805262705886,0.0269043466957966,0.0269729230849359,0.0269747033754442,0.0269178693614969,0.0268292956850078,0.0267482194358752,0.0267154322584607,0.0267604019724524,0.0268902821271118,0.0270850955321407,0.0273016693129177,0.0274859015736929,0.0275905420502554,0.0275950166766335,0.027524273012678,0.0274634729202895,0.0275632428434016,0.0280268231388262,0.0290713011815044,0.0308687499889744,0.0334951919671216,0.0369182378853365,0.0410255900120017,0.045669881251608,0.05070735471331,NA,NA,NA,NA,NA,NA,NA,NA,NA,NA,NA,NA,NA,NA,NA,NA,NA,NA,NA,NA,NA,NA,NA,NA,NA,NA,NA,NA,NA,NA,NA,NA,NA,NA,NA,NA,NA,NA,NA,NA,NA,NA,NA,NA,NA,NA,NA,NA,NA,NA,NA,NA,NA,NA,NA,NA,NA,NA,NA,NA,NA,NA,NA,NA,NA,NA,NA,NA,NA
0.0509213186860491,0.0457953406859873,0.0410702380636462,0.0368954286155262,0.0334255052725588,0.0307796445031043,0.0289932943003447,0.0279866532337384,0.0275775028248692,0.0275361951070263,0.0276485771993053,0.0277566336235039,0.0277714540098431,0.0276675588249335,0.0274678405911129,0.0272243707652361,0.0269979366982551,0.0268390860051637,0.0267742385816089,0.0268001849561559,0.0268880222705272,0.0269942655534658,0.0270746755540946,0.0270964118195783,0.0270457249278262,0.0269301655322081,0.0267755004288092,0.026618299835666,0.0264958761490317,0.0264360214377289,0.0264494236407058,0.0265271236059116,0.0266437402199596,0.0267651523799959,0.0268579859599052,0.0268981435238986,0.0268763960332962,0.0268000661002327,0.026690683662218,0.0265781908746361,0.0264929626951863,0.026457585615105,0.0264806941517564,0.026554777043463,0.0266586317624753,0.0267635693055973,0.026841342271381,0.0268715293296051,0.0268465960360893,0.0267736180680951,0.0266723909737925,0.0265703244453245,0.0264952121851302,0.0264676450480083,0.0264952121851292,0.0265703244453241,0.0266723909737939,0.0267736180680978,0.0268465960360922,0.0268715293296067,0.0268413422713812,0.0267635693055964,0.0266586317624739,0.0265547770434622,0.0264806941517567,0.0264575856151054,0.0264929626951862,0.0265781908746339,0.0266906836622145,0.0268000661002295,0.0268763960332954,0.0268981435239007,0.0268579859599094,0.0267651523800003,0.0266437402199627,0.0265271236059123,0.0264494236407047,0.0264360214377272,0.0264958761490308,0.0266182998356656,0.0267755004288098,0.0269301655322072,0.0270457249278228,0.0270964118195718,0.0270746755540859,0.0269942655534585,0.0268880222705238,0.0268001849561583,0.0267742385816151,0.0268390860051716,0.0269979366982601,0.0272243707652365,0.0274678405911096,0.0276675588249317,0.0277714540098484,0.0277566336235181,0.027648577199324,0.0275361951070422,0.0275775028248772,0.0279866532337378,0.0289932943003391,0.0307796445030993,0.033425505272556,0.0368954286155276,0.0410702380636468,0.0457953406859837,0.0509213186860365,NA,NA,NA,NA,NA,NA,NA,NA,NA,NA,NA,NA,NA,NA,NA,NA,NA,NA,NA,NA,NA,NA,NA,NA,NA,NA,NA,NA,NA,NA,NA,NA,NA,NA,NA,NA,NA,NA,NA,NA,NA,NA,NA,NA,NA,NA,NA,NA,NA,NA,NA,NA,NA,NA,NA,NA,NA,NA,NA,NA,NA,NA,NA,NA,NA,NA,NA,NA
0.0498850444912705,0.0450600461298632,0.0405985156082489,0.0366302997927709,0.0332896243870091,0.0306822641689055,0.0288468118779086,0.0277275449829003,0.0271800078631487,0.027011268040055,0.0270316924275628,0.0270929055884343,0.0271035083579561,0.0270275357337795,0.0268732093904369,0.0266771431060665,0.0264870447193501,0.0263454486632189,0.0262773263991347,0.0262842104075476,0.0263459032376076,0.0264284078670435,0.0264948429803827,0.0265157908243079,0.0264765121679376,0.0263798256913308,0.0262445387052358,0.0261000630349479,0.0259784766593276,0.0259059146100519,0.0258955828157102,0.0259444576397616,0.0260346437427296,0.0261387880939551,0.0262276791012041,0.0262777597672073,0.0262766943869909,0.0262258996978815,0.0261397028087726,0.0260414165929359,0.025957201317008,0.0259091406862432,0.0259093424148026,0.0259567762304477,0.0260378089374627,0.0261302045901084,0.0262092765046502,0.0262543785158078,0.026254073231888,0.0262088492222976,0.0261308822090273,0.0260409227444767,0.025962964682899,0.0259179155559555,0.0259179155559555,0.0259629646828992,0.0260409227444766,0.0261308822090271,0.0262088492222958,0.0262540732318851,0.0262543785158044,0.0262092765046477,0.0261302045901073,0.0260378089374627,0.0259567762304486,0.0259093424148036,0.0259091406862435,0.0259572013170069,0.0260414165929339,0.0261397028087714,0.0262258996978823,0.0262766943869941,0.0262777597672119,0.0262276791012094,0.0261387880939588,0.0260346437427314,0.0259444576397618,0.0258955828157093,0.0259059146100512,0.0259784766593281,0.0261000630349494,0.026244538705237,0.0263798256913298,0.0264765121679334,0.0265157908242997,0.0264948429803732,0.0264284078670365,0.0263459032376052,0.0262842104075501,0.0262773263991412,0.0263454486632255,0.0264870447193533,0.0266771431060651,0.0268732093904334,0.0270275357337784,0.0271035083579623,0.0270929055884472,0.0270316924275792,0.0270112680400688,0.027180007863156,0.0277275449829001,0.0288468118779044,0.0306822641689017,0.033289624387009,0.036630299792773,0.0405985156082507,0.0450600461298613,0.0498850444912611,NA,NA,NA,NA,NA,NA,NA,NA,NA,NA,NA,NA,NA,NA,NA,NA,NA,NA,NA,NA,NA,NA,NA,NA,NA,NA,NA,NA,NA,NA,NA,NA,NA,NA,NA,NA,NA,NA,NA,NA,NA,NA,NA,NA,NA,NA,NA,NA,NA,NA,NA,NA,NA,NA,NA,NA,NA,NA,NA,NA,NA,NA,NA,NA,NA,NA,NA
0.0490846744339916,0.0444746252980497,0.0402017718524308,0.0363829945607141,0.0331392190973534,0.0305674109115723,0.0287076717204326,0.0275190281051566,0.0268811557349863,0.0266257322455514,0.0265806012847097,0.0266051418044608,0.0266072868422749,0.0265446653722028,0.026416053537,0.026248005434697,0.026079722003162,0.02594853081111,0.0258784238992537,0.0258739193051549,0.0259203481869215,0.0259897433395653,0.0260498475128036,0.0260732473114516,0.0260442539562467,0.025962239764786,0.0258411168069181,0.0257053529239224,0.0255834880314488,0.0255006533317922,0.0254719972966665,0.0254988708810723,0.0255688851169656,0.0256597039398157,0.0257452521752927,0.0258024478931268,0.0258167171954329,0.0257851278025161,0.0257166375825828,0.0256295328620232,0.0255466442510476,0.0254894160441824,0.0254722928450348,0.02549896016111,0.0255615383548177,0.0256429352084054,0.0257215756648161,0.0257770868343808,0.0257954206452856,0.0257722280580207,0.0257138098782325,0.0256354912366961,0.025557766089101,0.0255010507903232,0.0254803155880819,0.0255010507903239,0.0255577660891022,0.025635491236696,0.0257138098782311,0.0257722280580169,0.0257954206452809,0.0257770868343761,0.0257215756648128,0.0256429352084043,0.0255615383548186,0.0254989601611111,0.0254722928450358,0.0254894160441821,0.0255466442510464,0.0256295328620215,0.0257166375825827,0.0257851278025175,0.0258167171954365,0.0258024478931313,0.0257452521752971,0.0256597039398188,0.0255688851169667,0.025498870881072,0.0254719972966656,0.0255006533317918,0.0255834880314494,0.0257053529239237,0.0258411168069192,0.0259622397647854,0.026044253956245,0.0260732473114474,0.0260498475127989,0.0259897433395601,0.0259203481869183,0.0258739193051537,0.0258784238992546,0.0259485308111118,0.0260797220031621,0.0262480054346951,0.0264160535369972,0.0265446653722013,0.0266072868422756,0.0266051418044644,0.0265806012847152,0.0266257322455566,0.0268811557349887,0.0275190281051574,0.0287076717204322,0.0305674109115715,0.0331392190973537,0.0363829945607158,0.0402017718524329,0.0444746252980501,0.0490846744339906,NA,NA,NA,NA,NA,NA,NA,NA,NA,NA,NA,NA,NA,NA,NA,NA,NA,NA,NA,NA,NA,NA,NA,NA,NA,NA,NA,NA,NA,NA,NA,NA,NA,NA,NA,NA,NA,NA,NA,NA,NA,NA,NA,NA,NA,NA,NA,NA,NA,NA,NA,NA,NA,NA,NA,NA,NA,NA,NA,NA,NA,NA,NA,NA,NA,NA
0.0486673701895374,0.0441418799589521,0.0399425419593226,0.0361815125929507,0.0329753106973876,0.0304186149846987,0.0285532169955398,0.0273443864138106,0.0266808227710891,0.0264027267828425,0.0263433626651493,0.0263636957703319,0.0263700980586664,0.0263167004307592,0.0261980786637487,0.0260370002258183,0.025870222990974,0.0257345745857376,0.0256555661086041,0.0256407136405641,0.0256788176015769,0.0257447387148579,0.0258075726351933,0.0258394447646005,0.0258225572160819,0.0257530862185944,0.025641471149145,0.0255093346272526,0.0253838099015412,0.0252905538615119,0.0252471458149852,0.0252586585787938,0.0253166760367461,0.0254019660463751,0.0254898521168019,0.0255566107526248,0.0255851796936897,0.025568911721503,0.0255127175546485,0.0254315011652125,0.0253462757573858,0.0252788056055,0.0252460248826268,0.0252556820027351,0.0253044392426949,0.0253789678839153,0.0254596536404379,0.0255257736960504,0.025560715032203,0.0255559723365907,0.0255130899776199,0.0254431981846765,0.0253642596491799,0.0252965983019662,0.025257717494905,0.0252577174949058,0.0252965983019675,0.0253642596491807,0.0254431981846749,0.0255130899776158,0.025555972336585,0.0255607150321976,0.0255257736960469,0.025459653640437,0.0253789678839168,0.0253044392426972,0.025255682002737,0.0252460248826273,0.0252788056054996,0.0253462757573851,0.0254315011652125,0.02551271755465,0.0255689117215066,0.0255851796936939,0.0255566107526285,0.025489852116804,0.0254019660463753,0.0253166760367448,0.025258658578792,0.025247145814984,0.0252905538615114,0.0253838099015412,0.0255093346272528,0.0256414711491444,0.0257530862185917,0.0258225572160773,0.025839444764595,0.0258075726351886,0.0257447387148559,0.0256788176015779,0.0256407136405674,0.0256555661086082,0.0257345745857406,0.0258702229909745,0.0260370002258171,0.0261980786637476,0.0263167004307602,0.0263700980586705,0.0263636957703385,0.0263433626651549,0.0264027267828478,0.0266808227710911,0.0273443864138098,0.0285532169955384,0.0304186149846972,0.0329753106973874,0.0361815125929511,0.0399425419593216,0.0441418799589503,0.048667370189532,NA,NA,NA,NA,NA,NA,NA,NA,NA,NA,NA,NA,NA,NA,NA,NA,NA,NA,NA,NA,NA,NA,NA,NA,NA,NA,NA,NA,NA,NA,NA,NA,NA,NA,NA,NA,NA,NA,NA,NA,NA,NA,NA,NA,NA,NA,NA,NA,NA,NA,NA,NA,NA,NA,NA,NA,NA,NA,NA,NA,NA,NA,NA,NA,NA
0.0483573652423885,0.0438926717091392,0.0397457287997171,0.0360252799112264,0.0328448012941642,0.0302976329371397,0.0284272178763446,0.027203746552451,0.0265226774001952,0.0262303501411828,0.0261636683965345,0.0261842752831004,0.0261968533403518,0.0261524554867923,0.0260421824820545,0.0258858262533867,0.0257184099908129,0.0255767280372474,0.0254879752670875,0.0254625626430401,0.0254924969357526,0.025555177253086,0.0256208454530141,0.0256611011348413,0.0256561189957463,0.0255990629800606,0.0254971060846049,0.0253691605498476,0.0252409394980416,0.0251384398252979,0.0250813639468627,0.0250781870480384,0.0251242562746286,0.0252034227879777,0.0252925878079016,0.0253677158897177,0.0254096515170568,0.0254083919622744,0.0253650216334073,0.0252910579163451,0.0252054262074598,0.0251297111764955,0.0250827364658485,0.0250758034108787,0.0251098771765773,0.025175519617731,0.0252555460836133,0.0253295717594988,0.0253791532591429,0.0253922312363935,0.0253659052640689,0.0253070174905363,0.0252304641220937,0.0251555781888377,0.0251013467694862,0.0250815863710257,0.0251013467694838,0.0251555781888332,0.0252304641220888,0.0253070174905341,0.0253659052640721,0.0253922312364033,0.025379153259158,0.025329571759515,0.0252555460836266,0.0251755196177387,0.025109877176579,0.0250758034108771,0.0250827364658482,0.0251297111764998,0.0252054262074688,0.0252910579163552,0.0253650216334136,0.025408391962273,0.0254096515170469,0.0253677158897014,0.0252925878078836,0.0252034227879629,0.0251242562746193,0.0250781870480352,0.0250813639468628,0.0251384398252983,0.0252409394980381,0.0253691605498392,0.0254971060845913,0.0255990629800444,0.0256561189957331,0.0256611011348366,0.0256208454530204,0.0255551772531022,0.0254924969357742,0.0254625626430603,0.0254879752671011,0.025576728037253,0.0257184099908135,0.0258858262533871,0.0260421824820595,0.0261524554868046,0.026196853340369,0.0261842752831171,0.0261636683965469,0.0262303501411871,0.0265226774001916,0.0272037465524427,0.0284272178763367,0.0302976329371351,0.0328448012941635,0.0360252799112279,0.0397457287997171,0.0438926717091343,0.0483573652423751,NA,NA,NA,NA,NA,NA,NA,NA,NA,NA,NA,NA,NA,NA,NA,NA,NA,NA,NA,NA,NA,NA,NA,NA,NA,NA,NA,NA,NA,NA,NA,NA,NA,NA,NA,NA,NA,NA,NA,NA,NA,NA,NA,NA,NA,NA,NA,NA,NA,NA,NA,NA,NA,NA,NA,NA,NA,NA,NA,NA,NA,NA,NA,NA
0.0484376943365738,0.0439439730942391,0.0397688717856951,0.0360223999812933,0.0328201060745575,0.0302580469618894,0.0283822731505676,0.0271642625043533,0.026498533285409,0.0262283897585453,0.0261866037062237,0.0262306666825974,0.0262617739814634,0.0262285014393712,0.0261206971530669,0.025958299615066,0.0257779559117846,0.0256194046696766,0.025513603193338,0.0254747297474226,0.0254976608155609,0.0255610863585712,0.0256347186280712,0.0256880274141285,0.0256980097413163,0.0256543199963007,0.0255610340437376,0.0254350491740384,0.0253016350033906,0.0251880985696213,0.0251169692705054,0.0251003953482222,0.0251372887711322,0.0252140091820052,0.0253082666012081,0.0253949634832149,0.0254523042547485,0.0254667002854365,0.0254355170067884,0.02536726381722,0.0252792995825294,0.0251935442498551,0.0251310955256323,0.02510699555595,0.0251265009082752,0.0251838981318512,0.0252641821850019,0.0253470499302016,0.0254120353046028,0.0254434417062817,0.025433952849059,0.0253862200092052,0.0253121635528002,0.0252301400656359,0.0251605351671804,0.0251207391207106,0.0251207391207077,0.0251605351671728,0.025230140065627,0.0253121635527951,0.0253862200092093,0.0254339528490743,0.0254434417063075,0.0254120353046326,0.0253470499302291,0.0252641821850204,0.0251838981318588,0.0251265009082745,0.0251069955559471,0.0251310955256343,0.0251935442498654,0.0252792995825457,0.0253672638172351,0.0254355170067942,0.0254667002854287,0.0254523042547268,0.0253949634831846,0.0253082666011764,0.0252140091819795,0.0251372887711171,0.0251003953482175,0.0251169692705066,0.0251880985696212,0.0253016350033826,0.0254350491740204,0.0255610340437124,0.025654319996276,0.0256980097413006,0.0256880274141297,0.0256347186280912,0.0255610863586056,0.0254976608155996,0.0254747297474555,0.0255136031933574,0.0256194046696835,0.0257779559117853,0.0259582996150681,0.0261206971530768,0.0262285014393908,0.0262617739814902,0.0262306666826233,0.0261866037062421,0.0262283897585515,0.0264985332854038,0.0271642625043409,0.028382273150555,0.0302580469618823,0.0328201060745573,0.0360223999812949,0.0397688717856944,0.0439439730942293,0.0484376943365492,NA,NA,NA,NA,NA,NA,NA,NA,NA,NA,NA,NA,NA,NA,NA,NA,NA,NA,NA,NA,NA,NA,NA,NA,NA,NA,NA,NA,NA,NA,NA,NA,NA,NA,NA,NA,NA,NA,NA,NA,NA,NA,NA,NA,NA,NA,NA,NA,NA,NA,NA,NA,NA,NA,NA,NA,NA,NA,NA,NA,NA,NA,NA
0.048624952085298,0.0440484614921279,0.0397974403734361,0.0359865209823452,0.0327371169667538,0.0301511384395556,0.0282781035914611,0.027088073055276,0.0264686801848815,0.0262530913373305,0.0262640249885539,0.026351269160034,0.0264113330802364,0.0263909125800633,0.0262803924148635,0.0261023346424154,0.0258977381576986,0.0257118435433456,0.0255813543900699,0.0255253120747077,0.0255415484407368,0.0256092468045014,0.0256962410582964,0.0257683821667794,0.0257982184426194,0.0257710699724354,0.0256876214859876,0.0255629565686199,0.0254224779079,0.0252955844563139,0.025208430292892,0.0251774728190269,0.0252055305519242,0.0252814618590688,0.0253834582820491,0.0254848267556291,0.0255605402459235,0.0255929115797282,0.0255752446311332,0.0255129039734886,0.0254217412810957,0.025324232601468,0.0252440890777745,0.0252005044561395,0.025203450538126,0.0252513026615825,0.0253314672981067,0.025423777741295,0.0255056229378807,0.0255574079805718,0.0255670537093326,0.0255326339254128,0.0254627038648546,0.0253742936746826,0.0252889411205357,0.0252275518563922,0.0252052506255213,0.025227551856387,0.025288941120527,0.0253742936746749,0.0254627038648528,0.0255326339254199,0.0255670537093503,0.0255574079805966,0.0255056229379073,0.0254237777413173,0.0253314672981202,0.0252513026615867,0.0252034505381242,0.0252005044561383,0.0252440890777791,0.0253242326014799,0.0254217412811123,0.0255129039735031,0.0255752446311385,0.0255929115797203,0.0255605402459033,0.0254848267556007,0.0253834582820197,0.0252814618590455,0.025205530551911,0.0251774728190233,0.0252084302928927,0.0252955844563115,0.0254224779078886,0.0255629565685978,0.0256876214859584,0.0257710699724081,0.0257982184426029,0.0257683821667807,0.0256962410583169,0.0256092468045351,0.0255415484407741,0.0255253120747381,0.0255813543900879,0.0257118435433518,0.0258977381576992,0.0261023346424186,0.0262803924148752,0.0263909125800848,0.0264113330802642,0.0263512691600627,0.0262640249885746,0.0262530913373403,0.0264686801848787,0.0270880730552658,0.0282781035914501,0.0301511384395489,0.0327371169667534,0.0359865209823476,0.0397974403734359,0.0440484614921174,0.0486249520852719,NA,NA,NA,NA,NA,NA,NA,NA,NA,NA,NA,NA,NA,NA,NA,NA,NA,NA,NA,NA,NA,NA,NA,NA,NA,NA,NA,NA,NA,NA,NA,NA,NA,NA,NA,NA,NA,NA,NA,NA,NA,NA,NA,NA,NA,NA,NA,NA,NA,NA,NA,NA,NA,NA,NA,NA,NA,NA,NA,NA,NA,NA
0.0490003383432303,0.0442901434914986,0.0399174083847801,0.0360043414618769,0.0326816641154723,0.0300601088426801,0.0281936080018211,0.0270484241184676,0.0264998939221107,0.0263646446196653,0.0264501361820296,0.026595416081677,0.0266913003612344,0.0266830914971167,0.0265631950248059,0.0263589067201616,0.0261180018456521,0.025893631883555,0.0257302646104628,0.0256530671234935,0.025663106637441,0.0257393795257376,0.0258464759216046,0.0259449877183581,0.0260014907157774,0.0259958359789649,0.0259247038692396,0.0258012911054325,0.0256515410974942,0.0255077197797076,0.0254005895231487,0.0253519112902659,0.025369203999976,0.0254442458500398,0.0255556835445384,0.0256748016277949,0.0257726544683285,0.0258266828308854,0.0258254232730612,0.0257705670342027,0.025676174069109,0.0255652727626828,0.025464476904252,0.0253976891654324,0.0253803377132495,0.0254156622085099,0.0254941100716232,0.0255959859942401,0.0256965097558722,0.0257718315235457,0.0258045073862977,0.0257872955731739,0.0257246224235376,0.0256315167180218,0.0255302100619917,0.0254450136754962,0.0253965206870715,0.0253965206870621,0.0254450136754729,0.0255302100619663,0.02563151671801,0.0257246224235528,0.0257872955732219,0.0258045073863722,0.0257718315236308,0.0256965097559477,0.0255959859942898,0.025494110071642,0.0254156622085051,0.0253803377132381,0.0253976891654326,0.0254644769042736,0.0255652727627214,0.0256761740691487,0.0257705670342233,0.0258254232730481,0.0258266828308364,0.025772654468253,0.0256748016277108,0.0255556835444654,0.0254442458499912,0.025369203999956,0.0253519112902663,0.0254005895231532,0.0255077197796972,0.0256515410974592,0.0258012911053749,0.025924703869174,0.0259958359789134,0.0260014907157601,0.0259449877183841,0.0258464759216723,0.0257393795258283,0.0256631066375295,0.0256530671235596,0.0257302646104976,0.0258936318835651,0.0261180018456526,0.0263589067201718,0.0265631950248384,0.0266830914971731,0.0266913003613038,0.0265954160817413,0.0264501361820715,0.0263646446196744,0.0264998939220906,0.0270484241184341,0.0281936080017906,0.0300601088426636,0.0326816641154711,0.0360043414618808,0.0399174083847775,0.0442901434914725,0.0490003383431728,NA,NA,NA,NA,NA,NA,NA,NA,NA,NA,NA,NA,NA,NA,NA,NA,NA,NA,NA,NA,NA,NA,NA,NA,NA,NA,NA,NA,NA,NA,NA,NA,NA,NA,NA,NA,NA,NA,NA,NA,NA,NA,NA,NA,NA,NA,NA,NA,NA,NA,NA,NA,NA,NA,NA,NA,NA,NA,NA,NA,NA
0.0480645907136198,0.0436694166784491,0.0395760135013189,0.0358878251766489,0.0327149436770968,0.0301518547229951,0.0282494422925653,0.0269906652097363,0.0262847590521986,0.0259875397657222,0.0259381525312681,0.0259936404722694,0.0260495408463596,0.026045902000057,0.0259634468781834,0.0258144316335386,0.025631009841428,0.0254528128929805,0.0253153039839685,0.0252407223961683,0.0252333575131025,0.0252800043305252,0.025354969036648,0.025427702697142,0.0254707107265569,0.0254658258652414,0.0254077589068006,0.0253045929709234,0.0251754089909009,0.0250456102314861,0.0249408817875646,0.0248810834513132,0.0248755596880417,0.024921116993053,0.0250031917715774,0.025099763452044,0.0251868037808564,0.025243798309146,0.0252581011864823,0.0252273426130591,0.0251595718201807,0.0250712045724013,0.0249831855263993,0.0249161170800106,0.0248854112646112,0.024897648194221,0.0249491109981747,0.0250268872629675,0.0251121802889433,0.0251848795660674,0.0252282156791612,0.0252324610960627,0.0251969724146566,0.0251302425286669,0.0250479780650875,0.0249695527566932,0.0249135294097918,0.024893240161306,0.0249135294097832,0.0249695527566802,0.0250479780650778,0.0251302425286681,0.0251969724146733,0.0252324610960947,0.0252282156792027,0.0251848795661092,0.0251121802889754,0.0250268872629847,0.0249491109981774,0.0248976481942154,0.024885411264607,0.0249161170800153,0.0249831855264149,0.0250712045724231,0.0251595718201987,0.0252273426130633,0.025258101186467,0.0252437983091128,0.0251868037808118,0.0250997634519993,0.0250031917715423,0.0249211169930337,0.0248755596880372,0.0248810834513167,0.0249408817875661,0.025045610231477,0.0251754089908789,0.0253045929708932,0.0254077589067726,0.0254658258652268,0.0254707107265625,0.0254277026971685,0.0253549690366897,0.0252800043305706,0.0252333575131402,0.0252407223961917,0.0253153039839783,0.025452812892982,0.0256310098414288,0.0258144316335461,0.0259634468781998,0.0260459020000818,0.0260495408463868,0.0259936404722913,0.025938152531279,0.02598753976572,0.0262847590521856,0.02699066520972,0.0282494422925518,0.0301518547229886,0.0327149436770962,0.0358878251766507,0.0395760135013177,0.04366941667844,0.0480645907135989,NA,NA,NA,NA,NA,NA,NA,NA,NA,NA,NA,NA,NA,NA,NA,NA,NA,NA,NA,NA,NA,NA,NA,NA,NA,NA,NA,NA,NA,NA,NA,NA,NA,NA,NA,NA,NA,NA,NA,NA,NA,NA,NA,NA,NA,NA,NA,NA,NA,NA,NA,NA,NA,NA,NA,NA,NA,NA,NA,NA
0.0476940551403036,0.0433811414496708,0.0393599218604187,0.0357294011201823,0.0325952414259423,0.0300490325001094,0.0281420999929323,0.0268622173507482,0.0261268561355425,0.0258007085072094,0.0257296198935895,0.0257738451240181,0.0258288497071881,0.0258322563733428,0.0257610602547331,0.0256234577085222,0.0254480798002938,0.0252723075764178,0.0251311066782533,0.0250480348288327,0.025030077685724,0.0250672699515532,0.0251367502525023,0.0252096372528243,0.0252585630146281,0.0252639780340477,0.0252180662956314,0.0251258306236366,0.0250034305526247,0.0248742226506802,0.024763288785759,0.0246915800194492,0.0246710335194701,0.0247019187183421,0.0247731114740972,0.0248651305170083,0.0249549797608677,0.0250214605552304,0.0250497109645268,0.0250341092329859,0.0249791167953177,0.0248980142108715,0.0248098051899247,0.0247348763012269,0.0246903012298872,0.0246858710008093,0.0247218616340278,0.0247891345745802,0.0248715075047898,0.024949701442025,0.025005817715431,0.0250273002704626,0.0250095891232549,0.0249570101845299,0.0248817771348468,0.0248012905131617,0.0247342314416584,0.024696250029969,0.0246962500299609,0.0247342314416392,0.0248012905131421,0.0248817771348408,0.0249570101845478,0.0250095891232991,0.0250273002705271,0.0250058177155027,0.0249497014420871,0.0248715075048292,0.0247891345745931,0.0247218616340208,0.0246858710007966,0.024690301229884,0.0247348763012414,0.0248098051899546,0.0248980142109036,0.0249791167953353,0.025034109232975,0.0250497109644821,0.0250214605551584,0.0249549797607841,0.0248651305169332,0.0247731114740458,0.024701918718321,0.0246710335194721,0.0246915800194583,0.0247632887857573,0.0248742226506565,0.0250034305525808,0.0251258306235855,0.0252180662955925,0.0252639780340379,0.0252585630146571,0.0252096372528868,0.025136750252584,0.025067269951634,0.0250300776857862,0.0250480348288681,0.0251311066782645,0.0252723075764175,0.0254480798002969,0.0256234577085391,0.0257610602547686,0.0258322563733918,0.0258288497072373,0.0257738451240542,0.0257296198936019,0.0258007085071966,0.026126856135514,0.0268622173507156,0.0281420999929081,0.0300490325000988,0.0325952414259421,0.0357294011201849,0.0393599218604148,0.0433811414496539,0.0476940551402664,NA,NA,NA,NA,NA,NA,NA,NA,NA,NA,NA,NA,NA,NA,NA,NA,NA,NA,NA,NA,NA,NA,NA,NA,NA,NA,NA,NA,NA,NA,NA,NA,NA,NA,NA,NA,NA,NA,NA,NA,NA,NA,NA,NA,NA,NA,NA,NA,NA,NA,NA,NA,NA,NA,NA,NA,NA,NA,NA
0.0475363575883374,0.0432372482961018,0.0392268551920955,0.0356034702884524,0.0324725125527725,0.029926205713896,0.0280175558862321,0.0267367146801033,0.0260033762182523,0.0256834312015892,0.025622546047769,0.0256796265047356,0.0257480793778178,0.0257632281755903,0.0256999486631397,0.0255648897154836,0.0253860635333671,0.0252014113276394,0.0250476655742721,0.0249510668271271,0.0249216038900879,0.024951896494162,0.025020614292752,0.0250990149004667,0.0251584944347776,0.0251772017276186,0.0251444458363403,0.0250623595615816,0.0249448227225253,0.0248140129832967,0.0246952642724489,0.0246112443497913,0.0245767365772418,0.0245953221147131,0.0246588360662872,0.0247496780516979,0.0248452245388483,0.0249230890559237,0.0249659505342638,0.024964987675269,0.0249213848754981,0.0248457590544825,0.02475567277117,0.0246716939361641,0.0246127621486537,0.024591866139484,0.0246130844124776,0.0246707655261605,0.0247510490397452,0.0248352669377898,0.024904295254587,0.0249427974496263,0.0249424691943289,0.0249037056491579,0.0248354387737817,0.0247531918374287,0.0246756911321979,0.0246206760692723,0.0246008084310789,0.0246206760692395,0.0246756911321539,0.0247531918374056,0.0248354387738066,0.0249037056492417,0.0249424691944637,0.0249427974497862,0.0249042952547356,0.0248352669378926,0.0247510490397846,0.0246707655261433,0.0246130844124346,0.0245918661394528,0.0246127621486618,0.0246716939362144,0.0247556727712401,0.024845759054531,0.0249213848754802,0.0249649876751569,0.02496595053406,0.0249230890556632,0.024845224538588,0.0247496780514974,0.0246588360661827,0.0245953221147024,0.0245767365772842,0.0246112443498258,0.0246952642724233,0.024814012983191,0.0249448227223638,0.0250623595614242,0.0251444458362569,0.0251772017276604,0.0251584944349573,0.025099014900754,0.0250206142930833,0.0249518964944658,0.0249216038903076,0.0249510668272416,0.0250476655743021,0.0252014113276346,0.0253860635333859,0.0255648897155679,0.0256999486632976,0.0257632281757947,0.0257480793780153,0.0256796265048707,0.0256225460478035,0.025683431201522,0.0260033762181183,0.0267367146799599,0.0280175558861285,0.0299262057138514,0.032472512552772,0.0356034702884611,0.0392268551920751,0.0432372482960196,0.0475363575881702,NA,NA,NA,NA,NA,NA,NA,NA,NA,NA,NA,NA,NA,NA,NA,NA,NA,NA,NA,NA,NA,NA,NA,NA,NA,NA,NA,NA,NA,NA,NA,NA,NA,NA,NA,NA,NA,NA,NA,NA,NA,NA,NA,NA,NA,NA,NA,NA,NA,NA,NA,NA,NA,NA,NA,NA,NA,NA
0.0474774467710046,0.0431688999794679,0.0391483268046072,0.0355144395413161,0.0323736931954679,0.0298200529004109,0.027908665880449,0.0266314473964864,0.0259086011849242,0.0256049268415948,0.025563780695765,0.0256412392434465,0.0257279330931175,0.0257568076287117,0.0257009885093454,0.0255662183256561,0.0253806557966052,0.025183565924201,0.0250141026345285,0.0249016526012287,0.0248594341008072,0.0248826420187908,0.0249512783159724,0.0250364324089962,0.0251079380243885,0.0251413690571012,0.0251229790771693,0.0250519465978421,0.0249398598625986,0.0248077426258862,0.0246812134966993,0.0245846873137284,0.0245358319642355,0.0245416038904914,0.0245968935096067,0.0246860997749383,0.0247870912400417,0.0248763927214776,0.0249342858973954,0.02494875987199,0.0249176639442959,0.024848810826354,0.024758097523112,0.0246659922372586,0.0245930260669543,0.0245552047614644,0.0245603998908292,0.0246066394690959,0.0246827457433861,0.0247711083749887,0.024851810988337,0.0249070658911836,0.0249249817904292,0.024901962685881,0.024843360853643,0.0247623060720147,0.0246769116353014,0.0246063461105709,0.0245665469901751,0.0245665469887438,0.0246063461070228,0.0246769116315362,0.0247623060702724,0.0248433608556314,0.0249019626922086,0.0249249818004383,0.0249070659031346,0.0248518109999146,0.0247711083840335,0.0246827457486763,0.0246066394707919,0.0245603998903448,0.0245552047608641,0.0245930260681629,0.0246659922413572,0.0247580975298907,0.0248488108342893,0.0249176639510328,0.0249487598752335,0.0249342858958208,0.024876392715298,0.0247870912309347,0.0246860997653749,0.0245968935018686,0.0245416038858214,0.0245358319624898,0.024584687313592,0.0246812134963627,0.02480774262388,0.0249398598584097,0.0250519465920381,0.0251229790710202,0.0251413690519924,0.0251079380213357,0.0250364324083593,0.0249512783174243,0.0248826420214763,0.024859434103659,0.0249016526033698,0.0250141026355865,0.0251835659243757,0.0253806557964644,0.0255662183257839,0.0257009885100557,0.0257568076299449,0.0257279330945117,0.0256412392445517,0.0255637806962857,0.0256049268415668,0.0259086011846609,0.0266314473963388,0.0279086658805293,0.0298200529005524,0.032373693195458,0.0355144395411588,0.0391483268045863,0.0431688999799968,0.0474774467724479,NA,NA,NA,NA,NA,NA,NA,NA,NA,NA,NA,NA,NA,NA,NA,NA,NA,NA,NA,NA,NA,NA,NA,NA,NA,NA,NA,NA,NA,NA,NA,NA,NA,NA,NA,NA,NA,NA,NA,NA,NA,NA,NA,NA,NA,NA,NA,NA,NA,NA,NA,NA,NA,NA,NA,NA,NA
0.0472090612798985,0.0429433989995696,0.0389599710292179,0.0353553064214762,0.0322338992409993,0.0296887908042922,0.0277760703926815,0.0264907540902226,0.0257575501798094,0.0254456139855028,0.0254011367756587,0.0254810123961854,0.0255749397407261,0.0256137713827939,0.0255679996045116,0.0254407714906871,0.0252582245912819,0.0250586407152151,0.0248815237311322,0.0247579418339745,0.0247037538271709,0.0247170779951518,0.0247803558399788,0.0248660268897966,0.0249439005462391,0.0249882066674875,0.024982855352161,0.0249241718061816,0.0248209577365698,0.0246921055040867,0.0245622647298088,0.0244563485668116,0.0243939712103576,0.0243850836936902,0.0244279120250118,0.024509717399652,0.0246100788441906,0.0247057121827698,0.0247755650409596,0.0248050744890221,0.0247888465583978,0.0247314096485299,0.0246460150126861,0.0245517251539818,0.0244692983596158,0.0244166528873946,0.0244048957707538,0.0244358842347972,0.0245019532942184,0.0245878562381028,0.0246743568051963,0.0247425322642309,0.0247777962240937,0.0247728513256922,0.0247290840228823,0.0246562089798647,0.0245702360068079,0.0244900960480229,0.0244335404723654,0.0244131703806544,0.0244335404723991,0.0244900960480722,0.0245702360068452,0.024656208979865,0.0247290840228311,0.0247728513255907,0.0247777962239564,0.0247425322640822,0.0246743568050639,0.0245878562380086,0.0245019532941706,0.0244358842347881,0.0244048957707626,0.0244166528873958,0.0244692983595874,0.024551725153913,0.0246460150125841,0.0247314096484209,0.0247888465583181,0.0248050744890029,0.0247755650410134,0.0247057121828844,0.0246100788443335,0.0245097173997854,0.0244279120251068,0.0243850836937382,0.0243939712103692,0.024456348566811,0.0245622647298228,0.0246921055041311,0.0248209577366444,0.0249241718062688,0.024982855352241,0.02498820666754,0.0249439005462547,0.0248660268897745,0.0247803558399299,0.0247170779950933,0.0247037538271191,0.0247579418339424,0.0248815237311197,0.025058640715214,0.0252582245912796,0.0254407714906736,0.0255679996044844,0.0256137713827583,0.0255749397406933,0.0254810123961658,0.0254011367756582,0.0254456139855173,0.0257575501798282,0.0264907540902368,0.0277760703926868,0.0296887908042919,0.032233899240999,0.0353553064214774,0.03895997102922,0.0429433989995671,0.0472090612798882,NA,NA,NA,NA,NA,NA,NA,NA,NA,NA,NA,NA,NA,NA,NA,NA,NA,NA,NA,NA,NA,NA,NA,NA,NA,NA,NA,NA,NA,NA,NA,NA,NA,NA,NA,NA,NA,NA,NA,NA,NA,NA,NA,NA,NA,NA,NA,NA,NA,NA,NA,NA,NA,NA,NA,NA
0.0478469654635625,0.0434258852118341,0.0392996245370409,0.035571973028347,0.0323563619091981,0.0297546817615423,0.0278285268998683,0.0265714381629579,0.0258983729673854,0.025663230010347,0.0256964451597834,0.0258425169241817,0.0259834549490568,0.026046792002078,0.0260032367346483,0.0258589418438466,0.0256452316855295,0.0254071108719524,0.0251914719081072,0.0250362927024407,0.0249626239756487,0.0249710940712493,0.025043634091425,0.0251495407512871,0.025253765298007,0.0253250737341278,0.0253423306708166,0.0252980346796725,0.0251989220109768,0.0250638579958025,0.0249194868122645,0.0247943783160745,0.0247127486297003,0.0246891121386795,0.0247251931435384,0.0248099075261397,0.0249223354618029,0.025036746250219,0.0251282958523547,0.0251780910410086,0.0251767051399792,0.0251256768088499,0.0250368818471864,0.0249299413751528,0.0248280909361974,0.0247532309972148,0.0247211604877091,0.0247381085471682,0.0247994617242989,0.0248910159398524,0.0249923688954244,0.0250815206650448,0.0251395654220176,0.0251545086819022,0.0251235627850493,0.0250536017999284,0.024959737151569,0.024862233922564,0.0247822707142629,0.0247373455341071,0.0247373455341372,0.0247822707143373,0.0248622339226423,0.0249597371516046,0.025053601799886,0.0251235627849169,0.0251545086816944,0.0251395654217691,0.0250815206648013,0.0249923688952297,0.0248910159397322,0.0247994617242546,0.0247381085471759,0.0247211604877276,0.0247532309971998,0.0248280909361176,0.0249299413750039,0.0250368818470011,0.0251256768086912,0.0251767051399155,0.0251780910410841,0.0251282958525637,0.0250367462505092,0.0249223354620962,0.0248099075263681,0.0247251931436673,0.0246891121387176,0.0247127486296924,0.0247943783160797,0.024919486812329,0.0250638579959381,0.0251989220111558,0.0252980346798416,0.0253423306709215,0.0253250737341343,0.0252537652979104,0.0251495407511119,0.025043634091218,0.0249710940710617,0.0249626239755188,0.0250362927023792,0.0251914719080954,0.0254071108719516,0.0256452316855073,0.0258589418437841,0.0260032367345492,0.0260467920019654,0.0259834549489645,0.025842516924136,0.0256964451597943,0.0256632300104013,0.0258983729674553,0.0265714381630163,0.0278285268999027,0.0297546817615539,0.0323563619091982,0.0355719730283466,0.0392996245370508,0.0434258852118616,0.0478469654636152,NA,NA,NA,NA,NA,NA,NA,NA,NA,NA,NA,NA,NA,NA,NA,NA,NA,NA,NA,NA,NA,NA,NA,NA,NA,NA,NA,NA,NA,NA,NA,NA,NA,NA,NA,NA,NA,NA,NA,NA,NA,NA,NA,NA,NA,NA,NA,NA,NA,NA,NA,NA,NA,NA,NA
0.04804778488299,0.0435526750096379,0.0393575532582708,0.0355698804166678,0.0323079810556786,0.029679077258004,0.0277487204684579,0.0265107002150601,0.0258753452326319,0.0256883494350824,0.0257712043536922,0.0259610126860806,0.0261347848020124,0.0262173426835471,0.0261786202674234,0.0260256782423921,0.0257922944889176,0.0255273123841314,0.0252824872866563,0.025101007157262,0.0250085397625148,0.0250087896889286,0.0250846101162978,0.0252040001569027,0.0253288376780918,0.0254237749061208,0.025463318123019,0.0254360799212162,0.0253459711064237,0.0252105339815616,0.0250568488804066,0.0249156757574703,0.0248148253483046,0.0247731040930236,0.0247962848989102,0.0248761676769292,0.0249929256529141,0.0251199581272256,0.0252298573963605,0.0253000503262098,0.025317040091378,0.0252786543435056,0.025194102670596,0.0250819285649313,0.0249661846798367,0.0248714431964351,0.0248175700087145,0.0248154137923531,0.0248644928742362,0.0249532976655504,0.0250620911403526,0.0251674047574959,0.0252470796862979,0.0252847535481722,0.0252729917019403,0.0252146145655579,0.0251220723043545,0.0250149697097337,0.0249161057742685,0.0248466980717674,0.0248217561773957,0.0248466980715082,0.0249161057738833,0.0250149697094364,0.0251220723043537,0.0252146145659772,0.0252729917027757,0.025284753549292,0.0252470796874906,0.025167404758538,0.0250620911410792,0.0249532976659016,0.0248644928742739,0.0248154137922404,0.02481757000866,0.0248714431966171,0.0249661846803294,0.0250819285656553,0.0251941026713257,0.0252786543439416,0.0253170400912753,0.0253000503254969,0.025229857395178,0.0251199581258702,0.024992925651714,0.0248761676761184,0.0247962848985505,0.0247731040929953,0.0248148253483696,0.0249156757573784,0.025056848880009,0.0252105339808773,0.0253459711056298,0.0254360799205669,0.025463318122738,0.025423774906321,0.0253288376787426,0.0252040001578412,0.0250846101172889,0.025008789689748,0.0250085397630282,0.025101007157469,0.0252824872866773,0.0255273123841381,0.0257922944890522,0.0260256782427124,0.0261786202678907,0.0262173426840453,0.0261347848023986,0.0259610126862522,0.0257712043536269,0.025688349434844,0.0258753452323297,0.0265107002148,0.0277487204682982,0.029679077257947,0.0323079810556863,0.0355698804166822,0.0393575532582301,0.0435526750094888,0.0480477848826912,NA,NA,NA,NA,NA,NA,NA,NA,NA,NA,NA,NA,NA,NA,NA,NA,NA,NA,NA,NA,NA,NA,NA,NA,NA,NA,NA,NA,NA,NA,NA,NA,NA,NA,NA,NA,NA,NA,NA,NA,NA,NA,NA,NA,NA,NA,NA,NA,NA,NA,NA,NA,NA,NA
0.0476027396738463,0.0432047806629169,0.0390958020365767,0.0353780788036444,0.0321644011901047,0.029557790278874,0.027623241298338,0.0263593830161794,0.0256861586153837,0.0254603924655232,0.0255125358446369,0.0256846030718893,0.0258545585408535,0.0259452199670842,0.0259226517126367,0.0257891255753809,0.0255735583423496,0.0253206820160472,0.0250796601397599,0.0248931666376846,0.0247885497577043,0.0247729206471601,0.0248333066406146,0.0249415277525962,0.0250620188167261,0.0251602434038321,0.0252097378971493,0.0251966747721773,0.0251215970031277,0.0249984365756807,0.0248511711860297,0.0247086754964367,0.0245986061807842,0.0245414887848795,0.0245463484249841,0.0246089986447014,0.024713409474713,0.024835674258454,0.0249494126649605,0.0250312545378858,0.0250652920236501,0.0250458156273643,0.0249780449736449,0.0248768538465752,0.0247637164943808,0.0246623453733064,0.0245937755031614,0.0245719004446956,0.0246005152695312,0.0246726316695603,0.0247722289323851,0.0248779282949073,0.0249676206081847,0.0250229822087365,0.0250330118295928,0.0249960378710228,0.0249199444327252,0.0248206100972489,0.0247187835629126,0.0246358820158322,0.0245894823972528,0.0245894823973155,0.024635882015989,0.0247187835630832,0.0248206100973334,0.0249199444326413,0.0249960378707392,0.0250330118291395,0.0250229822081934,0.0249676206076509,0.0248779282944723,0.0247722289321054,0.024672631669447,0.0246005152695433,0.0245719004447482,0.0245937755031523,0.0246623453731582,0.0247637164940814,0.0248768538461939,0.0249780449733168,0.0250458156272365,0.0250652920238154,0.0250312545383381,0.0249494126655931,0.0248356742591058,0.0247134094752338,0.0246089986450077,0.024546348425083,0.0245414887848564,0.0245986061807611,0.0247086754965127,0.0248511711862413,0.0249984365759903,0.0251215970034435,0.0251966747723937,0.0252097378971894,0.0251602434036749,0.0250620188164065,0.0249415277521937,0.0248333066402242,0.0247729206468625,0.024788549757536,0.0248931666376304,0.0250796601397631,0.0253206820160381,0.0255735583422748,0.0257891255752249,0.0259226517124301,0.025945219966886,0.0258545585407308,0.0256846030718765,0.0255125358447288,0.0254603924656761,0.0256861586155379,0.0263593830162892,0.0276232412983918,0.0295577902788873,0.0321644011901046,0.0353780788036514,0.0390958020365998,0.0432047806629596,0.0476027396739081,NA,NA,NA,NA,NA,NA,NA,NA,NA,NA,NA,NA,NA,NA,NA,NA,NA,NA,NA,NA,NA,NA,NA,NA,NA,NA,NA,NA,NA,NA,NA,NA,NA,NA,NA,NA,NA,NA,NA,NA,NA,NA,NA,NA,NA,NA,NA,NA,NA,NA,NA,NA,NA
0.0476443965335279,0.0432121940330947,0.0390703591174626,0.0353227725302432,0.0320846900359515,0.029462266987888,0.0275234714842541,0.0262683524067551,0.0256156223036113,0.0254184106863894,0.0255023398633143,0.0257048314976692,0.0259001943629697,0.0260086658614074,0.0259947573784113,0.0258602111074409,0.0256345186188772,0.0253641808413299,0.0251012870456959,0.0248922917425796,0.0247685603504951,0.0247406386771771,0.0247976526963849,0.0249117671418778,0.0250460345257791,0.025163196212084,0.0252332989478481,0.0252388684539955,0.0251772160469716,0.0250599622613855,0.0249101024310131,0.0247571077920525,0.0246308055576159,0.0245551223865947,0.0245430369522576,0.0245939983848177,0.0246944793936874,0.0248214208181943,0.0249475191889637,0.025046968852474,0.0251004271760413,0.0250983917723924,0.0250426049543967,0.0249454138659082,0.0248272382601377,0.0247125165402744,0.0246247721081217,0.0245817303313365,0.0245915761703048,0.0246512955810929,0.0247475342166021,0.0248597043475328,0.0249644855821189,0.0250406256986774,0.0250730598596589,0.0250556678693389,0.0249923083807706,0.024896028159912,0.0247865622699728,0.0246864759607196,0.0246165800269365,0.0245915228479061,0.0246165800268957,0.0246864759606572,0.0247865622699225,0.0248960281599081,0.0249923083808353,0.0250556678694736,0.0250730598598433,0.0250406256988765,0.0249644855822968,0.0248597043476609,0.0247475342166681,0.0246512955811031,0.0245915761702845,0.0245817303313202,0.0246247721081422,0.0247125165403457,0.024827238260247,0.0249454138660194,0.0250426049544634,0.0250983917723773,0.0251004271759319,0.025046968852289,0.0249475191887459,0.0248214208179955,0.0246944793935465,0.0245939983847494,0.0245430369522478,0.0245551223866089,0.0246308055576169,0.0247571077920149,0.0249101024309334,0.0250599622612826,0.0251772160468771,0.0252388684539426,0.0252332989478564,0.0251631962121565,0.0250460345258999,0.0249117671420179,0.0247976526965132,0.0247406386772712,0.0247685603505461,0.0248922917425961,0.0251012870456957,0.0253641808413356,0.0256345186189059,0.0258602111074945,0.0259947573784818,0.0260086658614744,0.0259001943630149,0.0257048314976815,0.0255023398632923,0.0254184106863439,0.0256156223035611,0.0262683524067143,0.0275234714842313,0.0294622669878807,0.032084690035952,0.035322772530243,0.0390703591174561,0.0432121940330741,0.0476443965334941,NA,NA,NA,NA,NA,NA,NA,NA,NA,NA,NA,NA,NA,NA,NA,NA,NA,NA,NA,NA,NA,NA,NA,NA,NA,NA,NA,NA,NA,NA,NA,NA,NA,NA,NA,NA,NA,NA,NA,NA,NA,NA,NA,NA,NA,NA,NA,NA,NA,NA,NA,NA
0.0485013926078063,0.0438775244205685,0.0395589409541633,0.0356583905011198,0.0323022880182319,0.0296081533367142,0.0276513213873879,0.0264302328528073,0.0258511295415212,0.0257476140912691,0.0259255293021059,0.0262071814657215,0.0264577953447128,0.0265938054379286,0.0265800055122799,0.0264215817738143,0.0261540022216495,0.0258316951828147,0.0255158110655331,0.025261774859909,0.0251082897356747,0.025070158573278,0.0251368862566224,0.0252773242064587,0.0254485618494948,0.0256061673123566,0.025713179594013,0.0257463464015092,0.0256991441238862,0.0255817140413831,0.0254180730508538,0.0252410639661537,0.0250857192247668,0.0249820888771929,0.024948979008727,0.0249901324711924,0.0250938827424668,0.0252363029919428,0.0253868338334174,0.0255148196186439,0.0255954625419914,0.0256141730989464,0.0255688119867629,0.0254696916670565,0.025337437345388,0.0251990021547785,0.0250823917998795,0.0250109925882924,0.0249986873737031,0.0250469598951853,0.0251447663304308,0.0252711819389631,0.0254000514106131,0.0255054351239464,0.0255666578243085,0.0255720784309303,0.0255210784269401,0.0254240711127728,0.025300556848381,0.0251754622401873,0.025074276099249,0.0250178285355406,0.0250178285355192,0.0250742760991935,0.025175462240122,0.0253005568483385,0.0254240711127825,0.0255210784270182,0.0255720784310715,0.0255666578244901,0.0255054351241361,0.025400051410778,0.0252711819390789,0.0251447663304886,0.0250469598951947,0.0249986873736894,0.0250109925882884,0.0250823917999108,0.0251990021548506,0.0253374373454848,0.0254696916671463,0.025568811986812,0.0256141730989326,0.025595462541914,0.0255148196185224,0.0253868338332843,0.0252363029918323,0.0250938827423994,0.0249901324711706,0.0249489790087344,0.024982088877205,0.0250857192247632,0.0252410639661275,0.0254180730508112,0.0255817140413432,0.0256991441238671,0.025746346401527,0.0257131795940696,0.0256061673124424,0.0254485618495908,0.025277324206547,0.0251368862566866,0.0250701585733116,0.025108289735682,0.0252617748599012,0.025515811065526,0.0258316951828239,0.0261540022216829,0.026421581773866,0.0265800055123362,0.0265938054379722,0.0264577953447261,0.0262071814656973,0.0259255293020487,0.0257476140911946,0.0258511295414501,0.0264302328527577,0.027651321387364,0.0296081533367088,0.0323022880182315,0.0356583905011151,0.0395589409541496,0.0438775244205443,0.0485013926077739,NA,NA,NA,NA,NA,NA,NA,NA,NA,NA,NA,NA,NA,NA,NA,NA,NA,NA,NA,NA,NA,NA,NA,NA,NA,NA,NA,NA,NA,NA,NA,NA,NA,NA,NA,NA,NA,NA,NA,NA,NA,NA,NA,NA,NA,NA,NA,NA,NA,NA,NA
0.0479549097072476,0.0434793961691693,0.0392933400990412,0.0355012372463853,0.0322201193241499,0.0295594957402177,0.0275920232057309,0.0263224164669634,0.0256719809851668,0.0254930421865018,0.0256073501316416,0.0258467574038185,0.0260796082875959,0.0262205750579089,0.026229458588415,0.0261045297184234,0.0258734935854095,0.0255832232744094,0.0252886623257811,0.0250415044404127,0.0248799939221427,0.0248218209112208,0.0248618919356654,0.0249754750899726,0.0251254742703764,0.0252714494895751,0.0253780118083039,0.0254210381649309,0.0253910806682707,0.025293961270395,0.0251488211851085,0.0249840201345908,0.0248314484592714,0.0247201133866232,0.0246702070398994,0.0246890136496166,0.0247697101156928,0.0248933371008081,0.025033290872066,0.0251610611893558,0.0252518461995358,0.0252889946790291,0.025266677657731,0.0251905653538781,0.0250765317800681,0.0249475926608925,0.0248294930578917,0.0247456383478715,0.0247123399722949,0.0247354578398236,0.0248092949657583,0.0249180258835327,0.0250392363396752,0.0251486331246346,0.0252248346144683,0.0252533284950221,0.0252290014036191,0.0251569466798727,0.025051485833768,0.0249335311277596,0.0248266353155412,0.0247523488541181,0.024725776738248,0.0247523488541016,0.0248266353155162,0.0249335311277383,0.0250514858337651,0.0251569466798984,0.0252290014036749,0.0252533284951008,0.0252248346145554,0.0251486331247136,0.0250392363397327,0.0249180258835621,0.0248092949657618,0.0247354578398121,0.0247123399722843,0.0247456383478762,0.0248294930579174,0.0249475926609328,0.025076531780109,0.0251905653539014,0.0252666776577233,0.0252889946789864,0.0252518461994642,0.0251610611892705,0.0250332908719858,0.0248933371007494,0.0247697101156621,0.0246890136496102,0.0246702070399056,0.0247201133866282,0.0248314484592654,0.0249840201345719,0.0251488211850806,0.0252939612703671,0.0253910806682534,0.0254210381649308,0.0253780118083239,0.0252714494896095,0.0251254742704184,0.0249754750900125,0.0248618919356974,0.0248218209112407,0.0248799939221508,0.0250415044404125,0.0252886623257801,0.0255832232744134,0.0258734935854217,0.0261045297184435,0.026229458588437,0.0262205750579273,0.0260796082876014,0.0258467574038096,0.0256073501316212,0.0254930421864749,0.0256719809851427,0.0263224164669477,0.0275920232057254,0.0295594957402166,0.0322201193241489,0.0355012372463822,0.039293340099038,0.0434793961691671,0.0479549097072516,NA,NA,NA,NA,NA,NA,NA,NA,NA,NA,NA,NA,NA,NA,NA,NA,NA,NA,NA,NA,NA,NA,NA,NA,NA,NA,NA,NA,NA,NA,NA,NA,NA,NA,NA,NA,NA,NA,NA,NA,NA,NA,NA,NA,NA,NA,NA,NA,NA,NA
0.0477140153218117,0.0432765153506978,0.0391232730223741,0.0353567403370597,0.032092037816117,0.0294376737028734,0.0274670947570222,0.0261880167066616,0.025526276175417,0.025338653177915,0.0254498292953849,0.0256925725198839,0.0259344212176013,0.0260880759245705,0.0261107212464128,0.0259978190506503,0.0257745096952482,0.0254858007300577,0.0251859070683533,0.0249272341453104,0.0247501840743557,0.0246756482522094,0.0247020255768649,0.0248075105527874,0.0249567025565818,0.0251093284530664,0.025228703121113,0.0252882636755199,0.0252754376555996,0.0251927644694968,0.0250565007431998,0.0248930628009065,0.0247337907925002,0.0246087732968357,0.0245408121666222,0.0245408321539456,0.0246058822707017,0.0247202340552777,0.0248591840347744,0.0249944486258219,0.0250998043954294,0.0251558477092501,0.0251531737069356,0.0250936672615836,0.0249898657284957,0.0248625324204215,0.0247367594898213,0.0246371614646182,0.0245830024886066,0.0245842904065932,0.024639789835971,0.0247374693985675,0.0248572338150692,0.02497519097149,0.0250684152968466,0.0251192324318285,0.0251183244697368,0.0250662633186844,0.0249733257810707,0.0248576310028047,0.0247418271594537,0.0246487909980536,0.0245970791390419,0.0245970791390371,0.0246487909980406,0.0247418271594396,0.0248576310027968,0.0249733257810764,0.0250662633187071,0.0251183244697755,0.0251192324318771,0.0250684152968965,0.0249751909715313,0.0248572338150954,0.024737469398577,0.0246397898359675,0.0245842904065847,0.0245830024886025,0.0246371614646244,0.0247367594898379,0.0248625324204435,0.024989865728514,0.0250936672615897,0.0251531737069241,0.0251558477092216,0.0250998043953889,0.0249944486257778,0.0248591840347365,0.0247202340552524,0.0246058822706908,0.0245408321539463,0.0245408121666273,0.0246087732968389,0.024733790792497,0.0248930628008964,0.0250565007431847,0.0251927644694815,0.0252754376555898,0.0252882636755193,0.0252287031211221,0.0251093284530822,0.0249567025566022,0.0248075105528084,0.0247020255768815,0.0246756482522204,0.0247501840743602,0.0249272341453104,0.0251859070683512,0.0254858007300586,0.0257745096952535,0.0259978190506598,0.0261107212464254,0.0260880759245823,0.025934421217609,0.0256925725198854,0.0254498292953783,0.0253386531779042,0.0255262761754056,0.026188016706654,0.0274670947570187,0.0294376737028726,0.0320920378161178,0.0353567403370592,0.0391232730223709,0.043276515350695,0.0477140153218096,NA,NA,NA,NA,NA,NA,NA,NA,NA,NA,NA,NA,NA,NA,NA,NA,NA,NA,NA,NA,NA,NA,NA,NA,NA,NA,NA,NA,NA,NA,NA,NA,NA,NA,NA,NA,NA,NA,NA,NA,NA,NA,NA,NA,NA,NA,NA,NA,NA
0.0474484905611299,0.0430969445524147,0.0390197525564523,0.0353144056042367,0.0320905073151252,0.0294520025670294,0.0274710200266568,0.0261592703161495,0.0254518192454506,0.0252169254746485,0.0252890693069546,0.0255068396630564,0.0257394772697651,0.025898228819332,0.025936765003988,0.0258458685545895,0.0256455706384448,0.025376039813055,0.0250876509335271,0.0248306664482832,0.0246455212098523,0.024555334910444,0.0245623686496444,0.0246493031734945,0.0247847384321573,0.0249310618525806,0.0250524882605397,0.0251215897829607,0.0251234625358891,0.0250573382470161,0.024935798926419,0.024781896813414,0.0246245953222282,0.0244931520801872,0.0244113639654402,0.0243928395600929,0.024438422315899,0.0245364143078516,0.0246654697328043,0.0247992974561153,0.0249119607170297,0.0249826526811932,0.0249991770037844,0.0249597418204918,0.0248729575502974,0.0247561145766037,0.0246319760933538,0.0245245222058424,0.0244543321510153,0.0244345078968164,0.0244680709253254,0.0245474850793011,0.0246564115548458,0.0247732056661561,0.0248752751422472,0.0249433528821685,0.02496492283749,0.0249363179104019,0.0248632615941016,0.0247598170959517,0.0246458739693472,0.0245434961775403,0.0244726957486315,0.024447427509532,0.0244726957486267,0.0245434961775329,0.0246458739693404,0.0247598170959501,0.0248632615941074,0.0249363179104163,0.0249649228375109,0.0249433528821927,0.0248752751422695,0.0247732056661727,0.0246564115548545,0.0245474850793022,0.0244680709253217,0.024434507896813,0.0244543321510154,0.0245245222058477,0.0246319760933633,0.0247561145766139,0.0248729575503038,0.0249597418204922,0.024999177003777,0.0249826526811793,0.0249119607170119,0.0247992974560974,0.0246654697327902,0.0245364143078432,0.0244384223158965,0.0243928395600942,0.0244113639654422,0.0244931520801882,0.0246245953222262,0.0247818968134093,0.0249357989264134,0.0250573382470099,0.0251234625358856,0.0251215897829604,0.0250524882605429,0.0249310618525864,0.0247847384321636,0.0246493031735021,0.0245623686496498,0.024555334910448,0.0246455212098535,0.0248306664482826,0.0250876509335264,0.0253760398130546,0.0256455706384464,0.0258458685545925,0.0259367650039926,0.0258982288193367,0.0257394772697686,0.0255068396630562,0.0252890693069521,0.0252169254746441,0.025451819245446,0.0261592703161453,0.0274710200266556,0.0294520025670296,0.0320905073151262,0.0353144056042382,0.0390197525564532,0.043096944552414,0.0474484905611281,NA,NA,NA,NA,NA,NA,NA,NA,NA,NA,NA,NA,NA,NA,NA,NA,NA,NA,NA,NA,NA,NA,NA,NA,NA,NA,NA,NA,NA,NA,NA,NA,NA,NA,NA,NA,NA,NA,NA,NA,NA,NA,NA,NA,NA,NA,NA,NA
0.0481938636388583,0.0437411531266409,0.0395683555935819,0.0357760612672494,0.032478021485671,0.0297829517140621,0.0277671982426202,0.0264443070424275,0.0257473344728137,0.0255388840906976,0.0256459720085917,0.025899981673375,0.0261643992676933,0.0263464687808009,0.0263974962361691,0.0263073712133769,0.0260966122893688,0.025807218274202,0.0254926534385487,0.0252072697884101,0.0249960594578313,0.0248863812255236,0.0248835671153764,0.0249715769943254,0.025118318043046,0.0252837893067271,0.0254286914032147,0.0255216164643829,0.0255438287964847,0.0254913941387162,0.0253748123626527,0.0252164509098743,0.0250461567686589,0.0248955948450907,0.0247921581824213,0.0247536039590641,0.0247846460177399,0.0248763705082238,0.0250085765675754,0.0251543153441864,0.0252854034046916,0.0253776750778617,0.0254150675939905,0.0253920451546434,0.0253141902503373,0.0251969929286031,0.0250630157287691,0.0249377874938076,0.0248450229537,0.0248020263709031,0.0248162718908574,0.0248839987128139,0.0249911772371202,0.0251165604088728,0.0252360161952534,0.0253271403194944,0.0253732659742787,0.0253662661800128,0.0253078271571267,0.0252090855146631,0.0250886843304097,0.0249694721805494,0.0248742913666807,0.0248215616193207,0.024821561619319,0.0248742913666763,0.0249694721805441,0.0250886843304066,0.025209085514664,0.0253078271571332,0.0253662661800246,0.0253732659742945,0.0253271403195113,0.0252360161952676,0.0251165604088821,0.0249911772371241,0.0248839987128129,0.0248162718908546,0.0248020263709014,0.0248450229537012,0.0249377874938123,0.0250630157287753,0.0251969929286086,0.02531419025034,0.0253920451546421,0.0254150675939848,0.025377675077852,0.0252854034046798,0.0251543153441752,0.0250085765675666,0.0248763705082189,0.024784646017738,0.0247536039590642,0.0247921581824225,0.0248955948450908,0.0250461567686575,0.0252164509098706,0.0253748123626483,0.0254913941387116,0.025543828796481,0.0255216164643808,0.0254286914032151,0.02528378930673,0.0251183180430523,0.0249715769943326,0.024883567115383,0.024886381225529,0.0249960594578337,0.0252072697884105,0.0254926534385479,0.0258072182742015,0.0260966122893692,0.0263073712133771,0.0263974962361721,0.0263464687808053,0.0261643992676973,0.0258999816733776,0.0256459720085885,0.0255388840906957,0.0257473344728105,0.0264443070424243,0.0277671982426185,0.0297829517140622,0.0324780214856723,0.0357760612672509,0.0395683555935835,0.0437411531266403,0.0481938636388573,NA,NA,NA,NA,NA,NA,NA,NA,NA,NA,NA,NA,NA,NA,NA,NA,NA,NA,NA,NA,NA,NA,NA,NA,NA,NA,NA,NA,NA,NA,NA,NA,NA,NA,NA,NA,NA,NA,NA,NA,NA,NA,NA,NA,NA,NA,NA
0.0480960089602024,0.043648788616954,0.039479199826969,0.0356873474776621,0.0323869007977727,0.0296872622393924,0.0276664272984553,0.0263402692589654,0.0256440260913583,0.0254414578437702,0.0255593861351927,0.0258279191307479,0.0261086492413723,0.0263066724059327,0.0263711356693583,0.0262899658558185,0.0260821528265411,0.0257888837593532,0.0254638134154499,0.0251626717815244,0.0249329662038474,0.0248053251926495,0.0247884294556514,0.0248689038708176,0.0250160560294226,0.0251897902725918,0.0253493324187599,0.0254607623870168,0.0255022395524273,0.0254666033709017,0.0253614758003554,0.0252071478718257,0.0250325912971808,0.0248700643029171,0.0247490476852056,0.0246905762630924,0.0247032026846168,0.0247816023715316,0.0249081547350484,0.0250569847734537,0.0251993345723107,0.0253089961272974,0.0253667998209754,0.0253635651468491,0.0253012724448053,0.0251924388481133,0.0250578239852557,0.0249227376467916,0.024812434602573,0.0247473475560257,0.0247391146197048,0.0247883321285807,0.0248846037849851,0.0250088502288816,0.025137248697305,0.0252458436929755,0.0253148804725279,0.0253321509284672,0.0252949344031527,0.0252103539392919,0.0250941366403761,0.0249679138961832,0.0248553832142327,0.0247778983137564,0.0247502987809262,0.0247778983137559,0.0248553832142321,0.0249679138961833,0.0250941366403777,0.025210353939295,0.0252949344031573,0.0253321509284726,0.0253148804725319,0.0252458436929778,0.0251372486973036,0.025008850228877,0.0248846037849786,0.0247883321285745,0.0247391146197011,0.0247473475560249,0.0248124346025745,0.024922737646792,0.0250578239852525,0.0251924388481043,0.0253012724447904,0.0253635651468295,0.0253667998209545,0.0253089961272791,0.0251993345722982,0.0250569847734493,0.0249081547350512,0.0247816023715392,0.024703202684626,0.0246905762630996,0.0247490476852083,0.024870064302915,0.025032591297175,0.0252071478718196,0.0253614758003522,0.0254666033709043,0.0255022395524357,0.0254607623870327,0.0253493324187805,0.0251897902726142,0.025016056029444,0.0248689038708361,0.0247884294556637,0.0248053251926556,0.024932966203849,0.0251626717815238,0.0254638134154496,0.0257888837593552,0.0260821528265473,0.0262899658558294,0.0263711356693699,0.0263066724059458,0.0261086492413798,0.0258279191307509,0.0255593861351881,0.0254414578437587,0.0256440260913464,0.0263402692589551,0.0276664272984499,0.0296872622393913,0.0323869007977755,0.0356873474776641,0.0394791998269685,0.0436487886169479,0.0480960089601894,NA,NA,NA,NA,NA,NA,NA,NA,NA,NA,NA,NA,NA,NA,NA,NA,NA,NA,NA,NA,NA,NA,NA,NA,NA,NA,NA,NA,NA,NA,NA,NA,NA,NA,NA,NA,NA,NA,NA,NA,NA,NA,NA,NA,NA,NA
0.0484697945286539,0.0439569657096244,0.0397248871990377,0.035875872250222,0.032526760384058,0.0297908600386453,0.0277499004274691,0.0264217186285608,0.02574033208258,0.0255651171798068,0.0257168858858656,0.0260198917006615,0.0263310224779413,0.0265520279603784,0.0266299406176432,0.0265516726931874,0.0263362738725928,0.0260261237425951,0.025677252457776,0.0253488594884699,0.0250926588986788,0.0249435567329946,0.0249137353177148,0.0249918001901451,0.0251471508240677,0.0253379968673635,0.0255205377110769,0.0256570980907191,0.0257219462246149,0.0257044107662205,0.0256094198407134,0.0254557532794641,0.0252723298798728,0.0250929351255515,0.0249500317386195,0.0248686476042593,0.0248616036716317,0.0249272516145057,0.0250503034363411,0.0252054490139451,0.0253627069640118,0.0254931748559021,0.0255740397581489,0.0255921330202745,0.0255457103246554,0.0254443972826675,0.0253073872198717,0.0251601004219469,0.0250296960122084,0.0249400903523609,0.0249073999766063,0.0249368225997552,0.0250217374001474,0.0251452481228848,0.0252837291051257,0.0254114644170415,0.0255053569252868,0.0255488694986312,0.0255346656081852,0.0254656895238098,0.0253546150020884,0.0252217287450625,0.0250914687464351,0.0249880574571247,0.0249309388634338,0.0249309388634315,0.0249880574571182,0.0250914687464279,0.0252217287450592,0.0253546150020923,0.0254656895238219,0.0255346656082052,0.0255488694986567,0.0255053569253116,0.0254114644170614,0.025283729105137,0.0251452481228866,0.0250217374001426,0.0249368225997481,0.0249073999766021,0.0249400903523617,0.0250296960122142,0.0251601004219542,0.0253073872198762,0.0254443972826659,0.025545710324645,0.0255921330202566,0.0255740397581266,0.0254931748558801,0.0253627069639944,0.0252054490139345,0.0250503034363386,0.0249272516145086,0.0248616036716375,0.0248686476042637,0.0249500317386206,0.025092935125548,0.0252723298798672,0.0254557532794578,0.0256094198407085,0.0257044107662195,0.0257219462246172,0.0256570980907268,0.025520537711087,0.025337996867375,0.0251471508240785,0.0249918001901541,0.0249137353177214,0.0249435567329984,0.02509265889868,0.0253488594884701,0.0256772524577754,0.0260261237425964,0.0263362738725974,0.0265516726931936,0.0266299406176538,0.0265520279603891,0.0263310224779524,0.0260198917006665,0.0257168858858657,0.0255651171798053,0.0257403320825738,0.0264217186285559,0.0277499004274671,0.0297908600386456,0.0325267603840599,0.035875872250225,0.0397248871990369,0.0439569657096204,0.0484697945286427,NA,NA,NA,NA,NA,NA,NA,NA,NA,NA,NA,NA,NA,NA,NA,NA,NA,NA,NA,NA,NA,NA,NA,NA,NA,NA,NA,NA,NA,NA,NA,NA,NA,NA,NA,NA,NA,NA,NA,NA,NA,NA,NA,NA,NA
0.0490570867531922,0.0444443990585413,0.0401180970171408,0.0361840426015995,0.0327639179812994,0.0299766664258067,0.0279089568958188,0.0265805174507643,0.0259224021020027,0.0257866661740035,0.0259850338343959,0.0263335207687831,0.0266828785863025,0.0269309069414196,0.027022529833685,0.0269440826121294,0.0267154220437282,0.026381087778833,0.026000588508505,0.0256377273406771,0.0253494529103048,0.0251757088028607,0.0251325259258438,0.0252103568376971,0.0253781303660904,0.0255915258232915,0.0258028032550748,0.0259697104633957,0.0260619999114681,0.0260651052488514,0.0259811151046677,0.0258273641777597,0.0256329599848468,0.0254335957082276,0.0252651982129279,0.0251573268530542,0.0251276007257537,0.0251784857991742,0.025297292236838,0.0254593217694938,0.0256332057886936,0.0257870274303244,0.025893928777448,0.0259363373274883,0.0259084004106164,0.0258165250424925,0.0256780816457958,0.0255184325252385,0.0253665920766011,0.0252500711139184,0.0251897621927167,0.0251959315451243,0.0252662944164402,0.0253866760000089,0.025534052497872,0.0256811505138089,0.0258015172056677,0.0258740802966369,0.025886525748025,0.0258371373262492,0.0257349672541846,0.0255983486162586,0.0254518863772427,0.0253222474234097,0.0252333359910783,0.025201722917551,0.0252333359910727,0.0253222474234014,0.0254518863772359,0.025598348616258,0.0257349672541925,0.0258371373262672,0.0258865257480504,0.0258740802966654,0.0258015172056937,0.025681150513827,0.0255340524978803,0.025386676000008,0.0252662944164342,0.0251959315451187,0.025189762192715,0.0252500711139219,0.0253665920766086,0.0255184325252463,0.0256780816458001,0.0258165250424894,0.0259084004106046,0.0259363373274699,0.0258939287774253,0.0257870274303019,0.0256332057886766,0.0254593217694834,0.0252972922368353,0.025178485799177,0.0251276007257585,0.0251573268530575,0.025265198212927,0.0254335957082228,0.0256329599848397,0.0258273641777516,0.0259811151046631,0.0260651052488507,0.0260619999114726,0.0259697104634054,0.0258028032550858,0.0255915258233039,0.025378130366101,0.0252103568377052,0.0251325259258501,0.0251757088028644,0.0253494529103068,0.0256377273406781,0.026000588508505,0.0263810877788346,0.0267154220437316,0.0269440826121354,0.0270225298336934,0.0269309069414283,0.0266828785863106,0.0263335207687875,0.0259850338343955,0.0257866661739995,0.025922402101997,0.0265805174507588,0.027908956895814,0.0299766664258054,0.0327639179813006,0.0361840426015991,0.0401180970171403,0.0444443990585378,0.0490570867531834,NA,NA,NA,NA,NA,NA,NA,NA,NA,NA,NA,NA,NA,NA,NA,NA,NA,NA,NA,NA,NA,NA,NA,NA,NA,NA,NA,NA,NA,NA,NA,NA,NA,NA,NA,NA,NA,NA,NA,NA,NA,NA,NA,NA
0.0495251658115578,0.0448241869887411,0.040414349271697,0.0364047701710669,0.0329216875889841,0.0300894799203011,0.0279997115427194,0.0266741159084424,0.0260410050828725,0.0259454118756648,0.0261903447039181,0.0265839824229286,0.0269712861510628,0.0272463282553332,0.0273519982072597,0.0272739866555098,0.02703277561843,0.0266748138446679,0.0262628322769259,0.02586505544092,0.0255436341972649,0.0253437044279555,0.0252854567284313,0.0253615666309228,0.0255408277419973,0.0257766134729012,0.026017336215085,0.0262161342324393,0.0263381022505157,0.0263645380376055,0.026294359848414,0.0261430542892752,0.0259394822169941,0.0257208468834709,0.0255262760216145,0.0253898291597557,0.0253341792222912,0.0253664230154308,0.0254771369843404,0.0256429040896749,0.0258315055646981,0.0260083337051839,0.0261425677240761,0.0262120777463742,0.0262065348295365,0.0261285755053545,0.0259930579082541,0.025824536035236,0.0256531853757093,0.0255096230279338,0.0254193810618789,0.0253980916124729,0.0254485066319891,0.0255601310477231,0.0257115508630537,0.025874795663237,0.0260206333051013,0.0261236817395658,0.0261665084839203,0.0261422453842902,0.0260555207426822,0.0259216732536943,0.0257643204718573,0.02561149496736,0.0254907947376171,0.0254243045066349,0.0254243045066317,0.0254907947376086,0.0256114949673509,0.0257643204718535,0.0259216732537003,0.0260555207427,0.0261422453843189,0.0261665084839548,0.0261236817395994,0.026020633305128,0.0258747956632523,0.0257115508630572,0.0255601310477185,0.0254485066319808,0.0253980916124671,0.0254193810618786,0.0255096230279392,0.0256531853757175,0.0258245360352424,0.0259930579082533,0.026128575505344,0.0262065348295157,0.0262120777463469,0.0261425677240469,0.0260083337051585,0.0258315055646796,0.0256429040896658,0.0254771369843402,0.0253664230154357,0.0253341792222965,0.0253898291597582,0.0255262760216119,0.0257208468834649,0.0259394822169871,0.0261430542892707,0.0262943598484147,0.0263645380376126,0.0263381022505296,0.0262161342324566,0.0260173362150999,0.0257766134729145,0.0255408277420068,0.0253615666309282,0.0252854567284345,0.0253437044279575,0.0255436341972665,0.0258650554409215,0.0262628322769274,0.0266748138446704,0.0270327756184335,0.0272739866555157,0.0273519982072665,0.027246328255341,0.0269712861510692,0.0265839824229338,0.0261903447039189,0.0259454118756628,0.0260410050828693,0.0266741159084376,0.0279997115427167,0.030089479920299,0.0329216875889839,0.0364047701710654,0.0404143492716943,0.0448241869887333,0.0495251658115473,NA,NA,NA,NA,NA,NA,NA,NA,NA,NA,NA,NA,NA,NA,NA,NA,NA,NA,NA,NA,NA,NA,NA,NA,NA,NA,NA,NA,NA,NA,NA,NA,NA,NA,NA,NA,NA,NA,NA,NA,NA,NA,NA
0.0491124323218401,0.0445348677001634,0.0402358823675309,0.0363178339023225,0.0328989613710145,0.0300962255680563,0.0279976033931539,0.0266286267574883,0.0259296397869555,0.0257621452201351,0.0259441288638975,0.0262934573819252,0.026659025883864,0.0269343769198013,0.027058878224882,0.0270128023581705,0.0268100940550954,0.0264902230807016,0.0261092634719068,0.0257300340481203,0.0254115341212855,0.0251987827971938,0.0251150454370624,0.0251585586114543,0.0253047668101986,0.0255132185253002,0.0257368181033602,0.0259309044924904,0.0260604165096099,0.0261044342305926,0.0260580940171027,0.0259321568941952,0.0257505344375346,0.0255460578875745,0.0253548732334026,0.0252101195213573,0.0251359225577707,0.0251429792490922,0.0252268396603708,0.025369326277669,0.0255426241192348,0.0257148871744382,0.0258560277584104,0.0259426253457942,0.0259613353960267,0.025910555230733,0.0258003262783474,0.0256505611132517,0.0254877736486863,0.0253406468059072,0.0252350231388795,0.0251891834800449,0.0252104224158812,0.0252937616123741,0.0254231288467388,0.0255746630277577,0.0257212893220552,0.0258375415733987,0.0259037641247219,0.0259091272005655,0.0258531716710452,0.0257457884883531,0.0256056554918503,0.025457266139746,0.0253268559733455,0.0252377818861767,0.0252061710580984,0.0252377818861706,0.0253268559733363,0.0254572661397388,0.02560565549185,0.0257457884883635,0.0258531716710665,0.0259091272005949,0.0259037641247542,0.0258375415734281,0.0257212893220768,0.0255746630277689,0.025423128846741,0.02529376161237,0.0252104224158757,0.0251891834800417,0.025235023138881,0.0253406468059135,0.0254877736486945,0.0256505611132584,0.0258003262783484,0.0259105552307256,0.0259613353960105,0.0259426253457721,0.0258560277583859,0.025714887174415,0.025542624119217,0.0253693262776585,0.0252268396603668,0.0251429792490936,0.0251359225577734,0.0252101195213577,0.0253548732333987,0.0255460578875668,0.0257505344375239,0.025932156894185,0.0260580940170966,0.0261044342305912,0.0260604165096153,0.0259309044925008,0.0257368181033752,0.0255132185253159,0.0253047668102129,0.025158558611466,0.0251150454370707,0.0251987827971996,0.0254115341212875,0.0257300340481213,0.0261092634719071,0.0264902230807048,0.0268100940550996,0.0270128023581786,0.0270588782248919,0.0269343769198128,0.0266590258838734,0.0262934573819313,0.0259441288639006,0.0257621452201325,0.0259296397869504,0.026628626757482,0.0279976033931495,0.0300962255680535,0.0328989613710149,0.0363178339023228,0.0402358823675287,0.0445348677001561,0.0491124323218255,NA,NA,NA,NA,NA,NA,NA,NA,NA,NA,NA,NA,NA,NA,NA,NA,NA,NA,NA,NA,NA,NA,NA,NA,NA,NA,NA,NA,NA,NA,NA,NA,NA,NA,NA,NA,NA,NA,NA,NA,NA,NA
0.0490365649796181,0.0444635798920198,0.0401668770204904,0.0362482642210644,0.0328257877520601,0.0300169638152558,0.0279113452090079,0.0265368746044174,0.0258363372922574,0.0256727262553403,0.0258641193398282,0.026227306832017,0.0266094196492706,0.0269019251757132,0.0270420294085043,0.0270079193355347,0.026811714999289,0.026491567898325,0.0261030388522594,0.0257095280232926,0.0253718687511934,0.0251380433925049,0.0250349203241929,0.0250642113834389,0.0252039245330122,0.0254147421068353,0.0256491482231301,0.0258607125887621,0.0260116388592646,0.0260777421555154,0.0260507969037258,0.0259385285664133,0.0257625589222684,0.0255545726048115,0.0253510233471725,0.0251869275550097,0.0250896627091258,0.0250740031724054,0.025139597029648,0.0252715472906143,0.0254438758175117,0.0256248580617256,0.0257828923283052,0.025891741979417,0.0259344178375468,0.0259053788242013,0.0258109898118891,0.0256682998774812,0.0255022779172101,0.0253417596409958,0.0252145744740584,0.0251426052443551,0.0251377555381321,0.0251997704420529,0.0253164687085332,0.0254663036111559,0.0256225627858183,0.0257582085172801,0.0258504089895652,0.0258840809799369,0.0258540679997685,0.0257658017157806,0.0256344269129021,0.0254824652203681,0.0253362220831011,0.0252213512923284,0.0251582608629268,0.0251582608629229,0.0252213512923189,0.0253362220830899,0.0254824652203612,0.0256344269129046,0.0257658017157947,0.0258540679997928,0.0258840809799672,0.025850408989596,0.0257582085173057,0.0256225627858344,0.0254663036111622,0.0253164687085316,0.0251997704420468,0.0251377555381263,0.0251426052443531,0.0252145744740621,0.0253417596410039,0.0255022779172197,0.0256682998774883,0.02581098981189,0.0259053788241944,0.0259344178375315,0.0258917419793958,0.0257828923282818,0.0256248580617037,0.0254438758174954,0.0252715472906052,0.0251395970296459,0.0250740031724076,0.0250896627091284,0.0251869275550103,0.025351023347168,0.0255545726048022,0.0257625589222565,0.0259385285664016,0.0260507969037182,0.0260777421555127,0.0260116388592684,0.0258607125887729,0.0256491482231437,0.0254147421068516,0.0252039245330278,0.0250642113834513,0.0250349203242023,0.0251380433925103,0.0253718687511957,0.025709528023294,0.0261030388522606,0.0264915678983273,0.0268117149992964,0.027007919335544,0.0270420294085158,0.0269019251757246,0.0266094196492815,0.0262273068320246,0.0258641193398317,0.0256727262553392,0.0258363372922523,0.0265368746044119,0.0279113452090047,0.0300169638152542,0.0328257877520598,0.0362482642210643,0.0401668770204861,0.0444635798920104,0.0490365649796007,NA,NA,NA,NA,NA,NA,NA,NA,NA,NA,NA,NA,NA,NA,NA,NA,NA,NA,NA,NA,NA,NA,NA,NA,NA,NA,NA,NA,NA,NA,NA,NA,NA,NA,NA,NA,NA,NA,NA,NA,NA
0.0487070396684835,0.0442383702564594,0.0400353335126517,0.0361941034455509,0.0328260690901159,0.0300425224673027,0.0279298226745487,0.0265186809929697,0.0257615479696703,0.0255351714842817,0.0256706008946564,0.0259933680070128,0.0263544327505344,0.0266451491811178,0.0267999271239117,0.0267924527162571,0.0266293319715534,0.0263427640639658,0.0259825373860896,0.025607203901249,0.0252745007096454,0.0250317728994849,0.0249079790726413,0.0249092318285693,0.0250191925321274,0.0252041192430393,0.0254208542349987,0.0256254399103907,0.0257804902955853,0.0258603478705838,0.0258538188994497,0.0257646701627861,0.025610163173,0.0254178814772612,0.0252211336054249,0.0250533823171357,0.024942454790696,0.0249055913155706,0.0249464530024584,0.0250548453953627,0.0252091873611855,0.025380996334355,0.0255402356757178,0.0256603991453592,0.0257225372508648,0.0257178151541188,0.0256484733137773,0.0255272136315639,0.0253751139904287,0.0252182651795585,0.0250834875491231,0.0249937229043524,0.0249639262256707,0.024998347764775,0.0250898678659336,0.025221542525886,0.0253699383274251,0.025509437972172,0.0256166135335207,0.025673936391441,0.0256723631857309,0.0256125738153538,0.0255047928072028,0.0253672243340051,0.0252232323599339,0.0250975538385843,0.0250120553265443,0.024981770218529,0.0250120553265414,0.02509755383858,0.0252232323599306,0.0253672243340049,0.0255047928072074,0.0256125738153633,0.0256723631857437,0.0256739363914547,0.0256166135335331,0.025509437972181,0.0253699383274296,0.0252215425258866,0.025089867865932,0.0249983477647722,0.024963926225669,0.0249937229043521,0.0250834875491248,0.0252182651795619,0.0253751139904318,0.0255272136315654,0.0256484733137767,0.0257178151541141,0.0257225372508572,0.0256603991453497,0.0255402356757079,0.0253809963343462,0.0252091873611791,0.0250548453953592,0.0249464530024575,0.0249055913155713,0.0249424547906972,0.0250533823171357,0.025221133605423,0.0254178814772568,0.0256101631729954,0.025764670162782,0.0258538188994482,0.0258603478705844,0.0257804902955876,0.0256254399103963,0.0254208542350061,0.0252041192430471,0.0250191925321336,0.024909231828572,0.0249079790726435,0.0250317728994855,0.0252745007096454,0.0256072039012487,0.0259825373860904,0.026342764063968,0.026629331971556,0.0267924527162605,0.0267999271239138,0.0266451491811218,0.0263544327505365,0.0259933680070136,0.0256706008946561,0.0255351714842797,0.0257615479696691,0.0265186809929677,0.0279298226745486,0.0300425224673027,0.0328260690901171,0.0361941034455533,0.040035333512652,0.0442383702564593,0.048707039668482,NA,NA,NA,NA,NA,NA,NA,NA,NA,NA,NA,NA,NA,NA,NA,NA,NA,NA,NA,NA,NA,NA,NA,NA,NA,NA,NA,NA,NA,NA,NA,NA,NA,NA,NA,NA,NA,NA,NA,NA
0.0484113885990576,0.0440142703488577,0.0398752140105144,0.0360867189406356,0.0327559815785151,0.0299905677643781,0.0278751958200612,0.0264427399455407,0.0256520575232497,0.0253887340662714,0.0254920496450429,0.0257929981012649,0.0261447848007238,0.026438402523222,0.0266061146992629,0.0266183408104084,0.0264777975047363,0.0262126058444211,0.025868752618548,0.0255018003034299,0.0251678671602136,0.0249144814034375,0.0247726794516296,0.024752153923855,0.0248408288753301,0.0250089346119607,0.0252161953987382,0.0254200104198145,0.0255827579112118,0.0256771459664175,0.0256892903921524,0.0256196339787351,0.025481957129469,0.0253007239398546,0.0251070157543373,0.0249334269776164,0.024808554469773,0.024752007485496,0.02477099807914,0.0248593438514941,0.0249991126812059,0.0251644113122659,0.0253263165001706,0.0254578560637186,0.0255381899089857,0.0255555003353106,0.0255083988202689,0.0254058331778707,0.0252655685619552,0.0251113906244846,0.0249693048092981,0.0248632060937122,0.0248107207967574,0.0248200536014016,0.0248885693339262,0.0250034564122407,0.0251442827011745,0.0252867982928687,0.0254071425323093,0.0254856881259199,0.0255099837412195,0.0254764980790455,0.0253910454160318,0.0252678827364216,0.0251275558037322,0.024993690002559,0.024889102252345,0.0248318289426694,0.0248318289426696,0.0248891022523464,0.0249936900025606,0.0251275558037343,0.0252678827364233,0.025391045416033,0.0254764980790449,0.0255099837412169,0.025485688125915,0.0254071425323031,0.0252867982928621,0.0251442827011692,0.0250034564122368,0.0248885693339243,0.0248200536014015,0.0248107207967579,0.0248632060937122,0.0249693048092967,0.0251113906244819,0.0252655685619514,0.0254058331778666,0.0255083988202657,0.0255555003353097,0.0255381899089873,0.0254578560637225,0.0253263165001767,0.0251644113122727,0.0249991126812119,0.0248593438514989,0.0247709980791426,0.0247520074854968,0.0248085544697727,0.0249334269776166,0.0251070157543384,0.0253007239398573,0.0254819571294756,0.0256196339787431,0.025689290392161,0.0256771459664247,0.0255827579112163,0.0254200104198146,0.0252161953987343,0.0250089346119524,0.0248408288753217,0.024752153923846,0.0247726794516229,0.0249144814034335,0.0251678671602117,0.0255018003034305,0.0258687526185475,0.0262126058444186,0.0264777975047303,0.0266183408104007,0.0266061146992535,0.0264384025232127,0.0261447848007152,0.0257929981012589,0.0254920496450407,0.0253887340662725,0.0256520575232525,0.0264427399455431,0.027875195820062,0.0299905677643789,0.0327559815785147,0.0360867189406362,0.0398752140105153,0.044014270348863,0.048411388599068,NA,NA,NA,NA,NA,NA,NA,NA,NA,NA,NA,NA,NA,NA,NA,NA,NA,NA,NA,NA,NA,NA,NA,NA,NA,NA,NA,NA,NA,NA,NA,NA,NA,NA,NA,NA,NA,NA,NA
0.0481535970837592,0.0438046665450201,0.0397083398769628,0.0359547264187167,0.032648434141413,0.0298949347193001,0.0277783724540622,0.0263335363085126,0.0255237641337082,0.0252403902872586,0.0253277809267534,0.0256200710078754,0.0259714682024862,0.0262722697661231,0.0264528961580602,0.0264812245606431,0.0263570835867459,0.0261056902344651,0.0257704738025057,0.0254051939703767,0.0250653226111029,0.0247991697862455,0.0246399668545448,0.024600619389778,0.024672578493199,0.0248291339309652,0.0250320000239449,0.0252392125429773,0.025412450400332,0.025522606672315,0.0255531925569978,0.0255016332882925,0.0253786871697438,0.0252062245977008,0.0250135953442696,0.0248328973745005,0.0246936774172928,0.0246178813246662,0.0246160608395345,0.0246857289405701,0.0248122651133939,0.0249720783369508,0.0251371689124697,0.0252800298138456,0.0253779868301981,0.0254164080909782,0.0253905256306911,0.0253058139352421,0.0251769733522304,0.0250256319221538,0.0248769752996396,0.0247556804135044,0.0246817457108531,0.024666986457719,0.0247129613028785,0.0248108283595093,0.0249431519258869,0.0250871910565918,0.0252189056885402,0.0253168931976782,0.0253656443625961,0.0253577456348005,0.0252948520647512,0.0251873824386233,0.0250529722672365,0.0249138121001299,0.0247931410132069,0.0247113627006919,0.0246824472295167,0.0247113627006928,0.0247931410132086,0.0249138121001323,0.0250529722672387,0.0251873824386247,0.0252948520647504,0.0253577456347976,0.0253656443625904,0.0253168931976708,0.0252189056885323,0.0250871910565846,0.0249431519258811,0.0248108283595061,0.0247129613028778,0.0246669864577194,0.0246817457108533,0.0247556804135033,0.0248769752996371,0.0250256319221496,0.0251769733522252,0.0253058139352379,0.0253905256306894,0.025416408090979,0.0253779868302019,0.0252800298138521,0.0251371689124782,0.0249720783369595,0.0248122651134021,0.0246857289405763,0.0246160608395384,0.0246178813246678,0.0246936774172933,0.0248328973745015,0.0250135953442719,0.0252062245977064,0.0253786871697515,0.0255016332883007,0.0255531925570065,0.0255226066723211,0.0254124504003338,0.0252392125429738,0.025032000023937,0.0248291339309544,0.0246725784931867,0.0246006193897668,0.0246399668545362,0.0247991697862399,0.0250653226111011,0.025405193970376,0.0257704738025041,0.0261056902344618,0.0263570835867396,0.0264812245606355,0.0264528961580529,0.0262722697661166,0.0259714682024823,0.0256200710078723,0.0253277809267545,0.0252403902872627,0.0255237641337143,0.0263335363085167,0.0277783724540657,0.0298949347193015,0.0326484341414128,0.0359547264187154,0.039708339876966,0.043804666545026,0.04815359708377,NA,NA,NA,NA,NA,NA,NA,NA,NA,NA,NA,NA,NA,NA,NA,NA,NA,NA,NA,NA,NA,NA,NA,NA,NA,NA,NA,NA,NA,NA,NA,NA,NA,NA,NA,NA,NA,NA
0.0479411485452877,0.043628171294032,0.0395633784017256,0.0358350667384454,0.0325459620233296,0.0298001469559253,0.0276816474750378,0.0262270686136327,0.0254034297370814,0.0251065204257882,0.0251844520006223,0.025473481165232,0.0258282432540384,0.0261381558549499,0.026331895843528,0.0263750874697044,0.0262650819499714,0.0260246697137836,0.0256952138379982,0.0253291172122053,0.024981543727003,0.0247017644553592,0.0245252044875883,0.0244678222796305,0.0245243342089732,0.0246707963184777,0.0248706494763246,0.0250823732740642,0.0252668457524557,0.0253931376749837,0.0254422310327817,0.025408667381909,0.0253003403271419,0.0251366654292563,0.0249453394233515,0.024757952560546,0.0246048969710094,0.024510287640755,0.0244878416866304,0.0245386456027877,0.0246513587166478,0.0248047559307441,0.0249719007719248,0.0251249379314476,0.0252395642670932,0.0252985318157577,0.0252938572986599,0.0252276407830155,0.0251115171145672,0.0249648272413617,0.0248116696991087,0.0246771256235124,0.0245831485816937,0.0245448099713522,0.0245676688776299,0.024646877452553,0.0247682338465594,0.0249109006223894,0.0250511309220163,0.0251662210822427,0.02523801747131,0.0252555264419226,0.0252163896984734,0.0251271358599789,0.0250022095543246,0.0248618550358028,0.0247290402585798,0.0246257745567891,0.0245693736725785,0.024569373672578,0.0246257745567881,0.0247290402585789,0.0248618550358025,0.0250022095543255,0.0251271358599811,0.0252163896984763,0.0252555264419256,0.0252380174713125,0.0251662210822444,0.0250511309220165,0.0249109006223884,0.024768233846558,0.0246468774525516,0.0245676688776291,0.0245448099713513,0.0245831485816934,0.0246771256235129,0.0248116696991095,0.0249648272413621,0.0251115171145665,0.0252276407830143,0.0252938572986581,0.0252985318157555,0.0252395642670909,0.0251249379314459,0.0249719007719244,0.0248047559307445,0.0246513587166488,0.0245386456027892,0.0244878416866319,0.0245102876407564,0.0246048969710095,0.0247579525605464,0.0249453394233518,0.0251366654292566,0.0253003403271431,0.0254086673819115,0.0254422310327848,0.0253931376749871,0.0252668457524588,0.0250823732740661,0.0248706494763255,0.0246707963184769,0.0245243342089707,0.0244678222796283,0.0245252044875858,0.0247017644553568,0.0249815437270023,0.0253291172122052,0.0256952138379983,0.0260246697137836,0.0262650819499699,0.0263750874697023,0.0263318958435261,0.0261381558549482,0.0258282432540377,0.0254734811652316,0.0251844520006222,0.0251065204257879,0.0254034297370829,0.0262270686136342,0.0276816474750397,0.0298001469559267,0.0325459620233292,0.0358350667384446,0.0395633784017266,0.0436281712940346,0.0479411485452886,NA,NA,NA,NA,NA,NA,NA,NA,NA,NA,NA,NA,NA,NA,NA,NA,NA,NA,NA,NA,NA,NA,NA,NA,NA,NA,NA,NA,NA,NA,NA,NA,NA,NA,NA,NA,NA
0.0477190734703583,0.0434435426136963,0.0394117383732197,0.0357101163728242,0.0324394651667059,0.0297023866601588,0.0275826617793072,0.0261185843682726,0.0252807943253401,0.0249695949118203,0.0250370072773972,0.0253216159544952,0.0256786736057806,0.0259968678097606,0.0262032403733411,0.0262612330015451,0.0261657497173639,0.0259371357481237,0.0256146080969236,0.0252490623354661,0.0248951371307945,0.0246028090017044,0.0244094582420396,0.0243339418562254,0.0243742206291332,0.0245092367073825,0.0247043835612077,0.024918862506078,0.0251130295879644,0.0252543763609785,0.0253215385194189,0.0253062780801531,0.0252136319386263,0.0250604568666326,0.0248725728484181,0.0246807304244217,0.0245157690509772,0.0244035839564549,0.0243607706289963,0.0243918820733472,0.0244889622012761,0.0246334429243087,0.0247998616932605,0.0249604656577135,0.0250897434589605,0.0251681690273208,0.0251847606721337,0.0251383100448286,0.0250372783240105,0.0248984255010289,0.0247442959459503,0.0245997860371505,0.0244881904715606,0.0244273273425704,0.0244264772522998,0.0244848146930653,0.0245917057859871,0.0247287823925338,0.0248732743729059,0.0250018618585721,0.0250943367866542,0.025136548997817,0.025122331314826,0.0250542680911715,0.024943276585693,0.0248070406114422,0.024667418646096,0.0245470814081401,0.0244658182330707,0.0244371323713128,0.02446581823307,0.0245470814081391,0.0246674186460953,0.0248070406114424,0.0249432765856946,0.0250542680911739,0.025122331314829,0.0251365489978202,0.0250943367866564,0.0250018618585731,0.0248732743729057,0.0247287823925326,0.0245917057859854,0.0244848146930639,0.024426477252299,0.0244273273425703,0.024488190471561,0.0245997860371511,0.0247442959459507,0.0248984255010289,0.0250372783240099,0.025138310044827,0.0251847606721309,0.0251681690273182,0.0250897434589577,0.0249604656577118,0.0247998616932598,0.0246334429243093,0.024488962201277,0.024391882073349,0.0243607706289974,0.0244035839564554,0.0245157690509774,0.024680730424421,0.0248725728484184,0.0250604568666337,0.0252136319386291,0.0253062780801571,0.0253215385194229,0.0252543763609829,0.0251130295879681,0.0249188625060801,0.024704383561209,0.0245092367073818,0.0243742206291318,0.0243339418562233,0.0244094582420378,0.0246028090017026,0.0248951371307938,0.0252490623354656,0.0256146080969236,0.0259371357481229,0.0261657497173628,0.0262612330015436,0.0262032403733372,0.025996867809756,0.0256786736057776,0.0253216159544942,0.0250370072773947,0.0249695949118189,0.0252807943253392,0.0261185843682734,0.027582661779307,0.029702386660159,0.0324394651667055,0.0357101163728236,0.0394117383732204,0.0434435426136972,0.0477190734703632,NA,NA,NA,NA,NA,NA,NA,NA,NA,NA,NA,NA,NA,NA,NA,NA,NA,NA,NA,NA,NA,NA,NA,NA,NA,NA,NA,NA,NA,NA,NA,NA,NA,NA,NA,NA
0.0475876050925137,0.0433371877072614,0.0393269246155895,0.0356418472417881,0.0323813054414503,0.0296469154120267,0.0275225519478026,0.0260481945820109,0.025197658746797,0.0248749733456039,0.024935190228789,0.0252184848977967,0.025580239292808,0.0259081699078431,0.0261276417820553,0.0262000189537655,0.0261179638768298,0.0258996422263318,0.025582410109138,0.0252159179423531,0.0248544771950262,0.0245488737616841,0.0243384457556889,0.0242448697894747,0.0242692280738856,0.0243932200315756,0.0245840839180576,0.0248016704160672,0.0250057831549118,0.0251623471993823,0.0252477030634461,0.0252509101824502,0.0251742304463072,0.0250320204534334,0.0248482298285076,0.0246527027512843,0.0244765857730107,0.0243473685560429,0.0242843463737658,0.0242954260061807,0.0243760281782012,0.0245103433841267,0.0246745677458689,0.0248412791576164,0.0249839925965121,0.0250811158330575,0.0251188350378291,0.0250927314495359,0.0250080975196283,0.0248790003318016,0.024726188295888,0.0245740138005313,0.0244466859672389,0.0243643622047815,0.0243397589318523,0.0243759902920613,0.0244661387718772,0.0245946519969965,0.024740206332678,0.0248793728268692,0.0249903587708495,0.0250562333814954,0.0250672595459214,0.0250221429269647,0.024928134261737,0.0247999946656276,0.0246578994420849,0.0245244570013295,0.0244211768021336,0.0243649080932757,0.024364908093276,0.0244211768021349,0.0245244570013311,0.0246578994420867,0.0247999946656291,0.0249281342617373,0.0250221429269635,0.0250672595459184,0.0250562333814911,0.0249903587708447,0.0248793728268641,0.0247402063326738,0.0245946519969936,0.0244661387718755,0.0243759902920607,0.0243397589318524,0.0243643622047811,0.024446685967238,0.0245740138005293,0.024726188295885,0.0248790003317981,0.0250080975196249,0.0250927314495339,0.0251188350378282,0.0250811158330581,0.0249839925965145,0.0248412791576211,0.0246745677458745,0.024510343384132,0.0243760281782056,0.0242954260061839,0.0242843463737677,0.0243473685560437,0.0244765857730118,0.0246527027512864,0.0248482298285118,0.0250320204534405,0.0251742304463159,0.0252509101824592,0.0252477030634542,0.0251623471993879,0.0250057831549129,0.0248016704160651,0.024584083918052,0.024393220031567,0.0242692280738776,0.0242448697894688,0.0243384457556848,0.0245488737616818,0.0248544771950255,0.0252159179423528,0.0255824101091361,0.025899642226329,0.0261179638768258,0.0262000189537581,0.0261276417820482,0.0259081699078364,0.0255802392928033,0.0252184848977938,0.0249351902287893,0.0248749733456042,0.0251976587467985,0.0260481945820131,0.0275225519478039,0.0296469154120269,0.0323813054414499,0.0356418472417885,0.0393269246155923,0.0433371877072664,0.0475876050925242,NA,NA,NA,NA,NA,NA,NA,NA,NA,NA,NA,NA,NA,NA,NA,NA,NA,NA,NA,NA,NA,NA,NA,NA,NA,NA,NA,NA,NA,NA,NA,NA,NA,NA,NA
0.0474053868589836,0.0431974245519915,0.039224761732804,0.0355702453808267,0.0323307990274366,0.0296059564927449,0.0274787721567859,0.0259906336538442,0.0251192717644722,0.0247741403237151,0.0248154246057685,0.0250867464925365,0.0254448776279151,0.0257772131705083,0.026007614295035,0.026095201109139,0.0260299808794979,0.0258273295238487,0.0255219671816575,0.0251613969328506,0.0247986415500142,0.0244843892276727,0.0242592365443547,0.024147340398871,0.0241530124472958,0.0242612392822226,0.0244419240326192,0.0246564960143666,0.0248650794227948,0.0250327353897774,0.0251339801191496,0.0251553851731725,0.0250963917087688,0.0249685576630249,0.024793432687959,0.024599239704953,0.0244166148775694,0.0242738463391109,0.0241923045524173,0.0241829329573797,0.0242445934110297,0.0243646633972883,0.0245216907287142,0.0246893998456041,0.0248411306287777,0.0249538949602298,0.0250115128511049,0.0250065696180277,0.0249411258348694,0.0248262078538342,0.024680154301032,0.024525951152911,0.024387798780962,0.0242873259831868,0.0242400490134027,0.0242527646086644,0.0243224591651317,0.0244369893680601,0.0245773522612458,0.0247210000613971,0.024845502732882,0.0249319260268628,0.0249674792189808,0.0249471842271112,0.0248744624500962,0.0247606217972921,0.0246232855982079,0.0244838806506294,0.0243644257163086,0.0242840328408991,0.0242556993912603,0.0242840328409009,0.0243644257163118,0.0244838806506341,0.0246232855982132,0.024760621797297,0.0248744624500977,0.0249471842271091,0.0249674792189732,0.0249319260268503,0.0248455027328663,0.0247210000613801,0.0245773522612307,0.0244369893680492,0.0243224591651256,0.0242527646086628,0.0242400490134027,0.0242873259831861,0.0243877987809582,0.0245259511529029,0.0246801543010203,0.0248262078538212,0.0249411258348574,0.0250065696180202,0.0250115128511038,0.0249538949602362,0.0248411306287905,0.0246893998456209,0.0245216907287329,0.0243646633973056,0.0242445934110424,0.0241829329573868,0.0241923045524199,0.0242738463391115,0.0244166148775716,0.0245992397049597,0.0247934326879719,0.0249685576630441,0.025096391708792,0.0251553851731966,0.0251339801191688,0.0250327353897882,0.0248650794227951,0.0246564960143554,0.0244419240325997,0.0242612392821997,0.0241530124472729,0.0241473403988525,0.0242592365443429,0.0244843892276678,0.0247986415500131,0.0251613969328503,0.0255219671816534,0.0258273295238381,0.0260299808794817,0.0260952011091198,0.026007614295014,0.0257772131704896,0.0254448776279017,0.0250867464925288,0.0248154246057688,0.0247741403237216,0.0251192717644798,0.0259906336538518,0.0274787721567887,0.0296059564927448,0.0323307990274347,0.0355702453808254,0.0392247617328072,0.0431974245520031,0.0474053868590029,NA,NA,NA,NA,NA,NA,NA,NA,NA,NA,NA,NA,NA,NA,NA,NA,NA,NA,NA,NA,NA,NA,NA,NA,NA,NA,NA,NA,NA,NA,NA,NA,NA,NA
0.0471747733943909,0.0430051596606788,0.0390665306137425,0.0354399451000358,0.0322204033859532,0.0295058767510277,0.0273789458667379,0.0258823283065672,0.0249970254308006,0.0246368555243366,0.0246660422737749,0.0249308558603643,0.0252890646129595,0.02562769105343,0.0258692702932605,0.0259709926750549,0.0259206002626737,0.0257311052093376,0.025435020047426,0.0250780934999425,0.0247123724689303,0.024388635148475,0.0241487698341554,0.0240192956411021,0.0240075244735217,0.0241014531419507,0.0242733880195392,0.0244861360582509,0.0247000245735672,0.0248792212709959,0.0249964678849628,0.0250359593892655,0.0249944636313567,0.0248808919263858,0.0247145151912315,0.0245219916320779,0.0243334159999589,0.0241777558393622,0.0240782783883279,0.0240487781987621,0.0240914222740334,0.0241967273502205,0.0243456424335398,0.0245131690170347,0.0246726552397346,0.0247999243719187,0.0248766355495583,0.0248925566458984,0.0248466411032823,0.0247469158179123,0.0246092391754353,0.0244550318945429,0.0243081672274171,0.0241913529582874,0.0241225192729463,0.0241118611421389,0.0241601621352118,0.0242587877698531,0.0243913375908131,0.0245365478887001,0.0246718032750081,0.0247766024114535,0.0248354698939252,0.0248400027445055,0.024789903052131,0.0246929511642912,0.024563934803176,0.0244226078759005,0.024290846663103,0.0241893166945945,0.0241341350633125,0.0241341350633134,0.0241893166945964,0.0242908466631067,0.0244226078759062,0.0245639348031822,0.0246929511642961,0.0247899030521341,0.0248400027445047,0.0248354698939195,0.0247766024114431,0.0246718032749941,0.024536547888685,0.0243913375907994,0.0242587877698432,0.0241601621352068,0.0241118611421375,0.0241225192729465,0.0241913529582862,0.0243081672274116,0.0244550318945327,0.0246092391754214,0.024746915817897,0.0248466411032683,0.0248925566458893,0.0248766355495556,0.0247999243719242,0.0246726552397469,0.0245131690170519,0.0243456424335578,0.0241967273502364,0.0240914222740443,0.0240487781987679,0.0240782783883293,0.024177755839362,0.0243334159999609,0.0245219916320842,0.0247145151912442,0.0248808919264054,0.0249944636313805,0.0250359593892896,0.0249964678849811,0.0248792212710073,0.024700024573568,0.0244861360582413,0.0242733880195199,0.0241014531419267,0.0240075244734996,0.0240192956410852,0.0241487698341455,0.024388635148471,0.0247123724689313,0.0250780934999418,0.025435020047422,0.0257311052093272,0.0259206002626574,0.0259709926750326,0.0258692702932366,0.025627691053409,0.0252890646129475,0.0249308558603597,0.0246660422737756,0.0246368555243442,0.024997025430809,0.0258823283065753,0.0273789458667412,0.0295058767510291,0.0322204033859517,0.0354399451000357,0.0390665306137471,0.04300515966069,0.0471747733944096,NA,NA,NA,NA,NA,NA,NA,NA,NA,NA,NA,NA,NA,NA,NA,NA,NA,NA,NA,NA,NA,NA,NA,NA,NA,NA,NA,NA,NA,NA,NA,NA,NA
0.0476409777004541,0.043415674122849,0.0394231505623032,0.0357455885846797,0.0324796819939986,0.0297257064995857,0.0275689269343752,0.0260544463055752,0.0251643556979223,0.0248115608438619,0.0248575396517537,0.0251448722048822,0.0255276171285194,0.025889592069456,0.0261507833087475,0.0262664689071328,0.0262230776730179,0.0260329176046146,0.025728473331885,0.025356242158516,0.0249698762231663,0.0246225953675219,0.024359359542571,0.024209959170458,0.0241845917949826,0.0242731907469216,0.024448702498408,0.0246732401337027,0.0249053286067452,0.0251065877195998,0.0252468503954704,0.0253073875444177,0.0252823241429576,0.0251784708348791,0.0250137778174448,0.0248145696967912,0.0246117349705389,0.0244361730911389,0.0243140368981025,0.0242625536209783,0.0242872943062934,0.0243815417770012,0.0245278943829274,0.0247016522663814,0.0248751417670298,0.0250220781536689,0.0251212757386736,0.0251593119374269,0.0251319957712412,0.0250446314288233,0.0249111265609112,0.0247520272771344,0.0245916223516114,0.0244543829313555,0.0243611850716551,0.0243259364204276,0.0243532845631388,0.0244379280636298,0.0245656884547844,0.024716067652396,0.0248656954785132,0.024991975620708,0.0250763426087034,0.0251067403745272,0.0250791204986987,0.0249978848693381,0.0248752671415637,0.02472969534031,0.0245832471571335,0.0244584305222995,0.0243746921281674,0.0243452225227852,0.0243746921281685,0.0244584305223025,0.024583247157138,0.0247296953403159,0.0248752671415693,0.0249978848693421,0.0250791204987001,0.0251067403745235,0.0250763426086953,0.0249919756206957,0.0248656954784976,0.0247160676523805,0.0245656884547715,0.0244379280636216,0.0243532845631354,0.0243259364204273,0.0243611850716551,0.0244543829313532,0.0245916223516047,0.0247520272771229,0.024911126560896,0.0250446314288074,0.0251319957712276,0.0251593119374191,0.025121275738673,0.0250220781536769,0.0248751417670439,0.0247016522663989,0.0245278943829455,0.0243815417770166,0.024287294306303,0.0242625536209826,0.0243140368981037,0.0244361730911386,0.0246117349705405,0.0248145696967979,0.0250137778174581,0.0251784708348983,0.0252823241429813,0.0253073875444422,0.02524685039549,0.0251065877196119,0.0249053286067481,0.0246732401336936,0.024448702498392,0.0242731907469001,0.0241845917949615,0.0242099591704412,0.0243593595425608,0.0246225953675189,0.0249698762231678,0.0253562421585177,0.025728473331882,0.0260329176046051,0.0262230776730033,0.0262664689071121,0.0261507833087246,0.0258895920694371,0.0255276171285079,0.0251448722048796,0.024857539651758,0.0248115608438727,0.025164355697933,0.026054446305583,0.027568926934379,0.0297257064995848,0.0324796819939964,0.0357455885846777,0.039423150562307,0.0434156741228579,0.0476409777004699,NA,NA,NA,NA,NA,NA,NA,NA,NA,NA,NA,NA,NA,NA,NA,NA,NA,NA,NA,NA,NA,NA,NA,NA,NA,NA,NA,NA,NA,NA,NA,NA
0.0480411428662575,0.0437374882640849,0.0396703336780414,0.0359243543470166,0.0325997605926848,0.0298011934222161,0.0276183319018106,0.0260991473728929,0.0252252787183728,0.0249052900389238,0.0249937785688581,0.0253261425045742,0.0257505474473614,0.0261466815005099,0.0264319695392975,0.0265603491433174,0.0265178797518373,0.0263173659175867,0.0259926570503057,0.025592525494145,0.025173801639696,0.0247936263890579,0.0245012236826639,0.0243303516717192,0.0242941446869994,0.0243838648470575,0.0245719779963219,0.0248185227186587,0.0250788476433125,0.0253108613603167,0.0254806494919689,0.025566082238776,0.025558514256555,0.0254628386456495,0.0252961274611356,0.0250850144143735,0.0248619558833321,0.0246606078918754,0.0245107903958877,0.0244338010787769,0.0244390171086985,0.0245225938787195,0.0246685834908909,0.0248521397373612,0.0250439689082049,0.0252150373894645,0.0253407286693835,0.025403967040736,0.0253971139159298,0.025322615825776,0.0251924525274381,0.0250264548538105,0.0248495976047308,0.0246884712271147,0.0245673113686239,0.024504174057565,0.0245079789091038,0.024577077603598,0.0246996907465229,0.0248560907827255,0.025021993812925,0.0251724268472581,0.0252853866436041,0.0253448041020924,0.0253425466423286,0.0252793504294601,0.0251646604940355,0.0250153995128071,0.0248537321045028,0.0247039839195182,0.024589032530287,0.024526682277485,0.0245266822774854,0.0245890325302888,0.0247039839195217,0.0248537321045081,0.0250153995128152,0.0251646604940437,0.0252793504294672,0.025342546642332,0.0253448041020909,0.0252853866435967,0.0251724268472444,0.0250219938129075,0.0248560907827077,0.024699690746508,0.0245770776035889,0.0245079789090999,0.0245041740575648,0.0245673113686237,0.0246884712271106,0.0248495976047208,0.0250264548537937,0.0251924525274158,0.0253226158257526,0.0253971139159091,0.0254039670407224,0.0253407286693811,0.0252150373894722,0.0250439689082215,0.0248521397373834,0.0246685834909133,0.0245225938787379,0.0244390171087102,0.0244338010787824,0.0245107903958892,0.0246606078918753,0.0248619558833348,0.0250850144143824,0.0252961274611534,0.0254628386456766,0.0255585142565883,0.0255660822388101,0.0254806494919982,0.025310861360335,0.0250788476433185,0.0248185227186493,0.0245719779963017,0.0243838648470305,0.024294144686973,0.0243303516716981,0.0245012236826523,0.0247936263890557,0.0251738016396989,0.0255925254941459,0.0259926570503018,0.0263173659175725,0.0265178797518134,0.0265603491432871,0.0264319695392675,0.0261466815004855,0.0257505474473458,0.0253261425045706,0.0249937785688622,0.024905290038935,0.0252252787183846,0.0260991473729026,0.0276183319018158,0.029801193422215,0.0325997605926824,0.0359243543470158,0.0396703336780489,0.043737488264098,0.0480411428662784,NA,NA,NA,NA,NA,NA,NA,NA,NA,NA,NA,NA,NA,NA,NA,NA,NA,NA,NA,NA,NA,NA,NA,NA,NA,NA,NA,NA,NA,NA,NA
0.0480776765766971,0.0437497815811265,0.0396584973226755,0.0358892002438093,0.0325433699361046,0.029727595632496,0.0275340013451808,0.0260128085488127,0.0251466623249512,0.0248432021525754,0.0249544682787226,0.0253126528147039,0.0257629252409953,0.0261825414185749,0.0264870519710808,0.0266289697034691,0.026593314097815,0.0263922568093707,0.0260595245694183,0.0256444319502147,0.0252051686500943,0.0248011159564181,0.0244844913150424,0.0242924117990524,0.0242411335097963,0.0243241689232113,0.0245149300180226,0.0247730004855728,0.0250520777766649,0.0253075881202802,0.0255026920630704,0.0256122327145429,0.0256247199383263,0.0255426344953828,0.0253813080354354,0.0251665396287835,0.0249310591863196,0.0247100148398005,0.0245358730763855,0.0244334276982051,0.0244158607939914,0.0244827730278783,0.0246206875418655,0.0248058617470242,0.0250086391711568,0.0251983162913466,0.0253476209996845,0.0254362257402309,0.02545304264276,0.0253972577717781,0.0252781503080649,0.0251137614571431,0.0249284928155601,0.0247497815828875,0.0246041510595373,0.0245131500467418,0.0244898857200554,0.0245368857530157,0.0246457992614724,0.0247990018476316,0.0249726923608435,0.0251407677493585,0.025278727829657,0.0253670297944765,0.025393546687383,0.0253549766330283,0.0252571614787116,0.0251143222517008,0.0249472492132286,0.0247805452302696,0.0246391475649476,0.0245445436242192,0.0245112914453563,0.0245445436242243,0.0246391475649569,0.0247805452302817,0.0249472492132413,0.0251143222517105,0.0252571614787149,0.0253549766330226,0.0253935466873671,0.0253670297944499,0.0252787278296222,0.0251407677493187,0.0249726923608049,0.0247990018476005,0.0246457992614517,0.0245368857530059,0.0244898857200532,0.0245131500467418,0.0246041510595319,0.0247497815828721,0.0249284928155325,0.0251137614571056,0.0252781503080236,0.0253972577717418,0.0254530426427367,0.0254362257402269,0.0253476209997022,0.0251983162913827,0.0250086391712046,0.0248058617470749,0.0246206875419098,0.0244827730279114,0.0244158607940102,0.0244334276982119,0.0245358730763873,0.0247100148398037,0.0249310591863315,0.0251665396288099,0.0253813080354765,0.0255426344954352,0.025624719938384,0.0256122327145963,0.0255026920631081,0.0253075881202952,0.0250520777766545,0.0247730004855383,0.024514930017972,0.0243241689231549,0.024241133509745,0.0242924117990161,0.0244844913150236,0.0248011159564137,0.0252051686500954,0.0256444319502116,0.0260595245694031,0.0263922568093394,0.0265933140977696,0.0266289697034204,0.026487051971033,0.0261825414185381,0.025762925240974,0.0253126528147027,0.024954468278738,0.0248432021525971,0.0251466623249743,0.0260128085488298,0.0275340013451885,0.0297275956324945,0.032543369936101,0.0358892002438081,0.0396584973226836,0.0437497815811472,0.0480776765767343,NA,NA,NA,NA,NA,NA,NA,NA,NA,NA,NA,NA,NA,NA,NA,NA,NA,NA,NA,NA,NA,NA,NA,NA,NA,NA,NA,NA,NA,NA
0.0477762996146001,0.043513267570425,0.039480664063437,0.0357608897435285,0.0324519051537825,0.0296568942376947,0.0274658916122273,0.0259298643166899,0.0250358950720816,0.0246988394930416,0.0247783219683637,0.0251122742513146,0.0255489288945608,0.0259662308097623,0.0262787143586698,0.0264367494823717,0.0264224861609287,0.026244788410231,0.0259339045046002,0.0255358167359535,0.0251059325617502,0.0247018742611103,0.0243755671390957,0.0241655398841707,0.0240910153706782,0.0241494484271241,0.0243183250965318,0.0245606230126226,0.0248322143316763,0.0250892833605396,0.0252944029786703,0.0254207055836287,0.0254541553053413,0.0253941680608897,0.0252528333519085,0.0250529087584057,0.0248246963865488,0.024601944174087,0.0244170806091783,0.0242963638269559,0.0242557861363455,0.0242986315122387,0.0244152932905827,0.0245853772528585,0.0247815070105997,0.0249739035560597,0.0251348302707707,0.0252422612520886,0.0252824481286096,0.0252512937385049,0.0251545569777279,0.0250069466578365,0.0248301721016031,0.0246500606996508,0.0244929658912019,0.0243818737254286,0.0243328140991459,0.0243522796022873,0.0244362373219691,0.0245709691252653,0.0247355195118309,0.0249051674522777,0.025055206397264,0.0251644086332825,0.0252177567445862,0.0252082283747132,0.0251375575892958,0.0250159637633008,0.0248608700573191,0.0246946732964954,0.0245417151646326,0.0244247575452307,0.0243614542788597,0.0243614542788533,0.0244247575452139,0.0245417151646112,0.024694673296477,0.0248608700573119,0.0250159637633109,0.0251375575893245,0.0252082283747596,0.025217756744646,0.0251644086333473,0.0250552063973263,0.0249051674523304,0.0247355195118688,0.0245709691252879,0.0244362373219788,0.0243522796022881,0.0243328140991441,0.0243818737254308,0.0244929658912119,0.0246500606996718,0.0248301721016361,0.0250069466578792,0.025154556977779,0.0252512937385583,0.025282448128661,0.0252422612521332,0.0251348302708031,0.0249739035560753,0.0247815070105968,0.0245853772528393,0.0244152932905527,0.0242986315122052,0.0242557861363176,0.0242963638269396,0.0244170806091776,0.0246019441741031,0.024824696386576,0.0250529087584387,0.0252528333519378,0.0253941680609053,0.0254541553053372,0.0254207055835971,0.0252944029786107,0.0250892833604538,0.024832214331574,0.024560623012515,0.0243183250964307,0.0241494484270434,0.0240910153706233,0.0241655398841437,0.0243755671390896,0.0247018742611118,0.0251059325617453,0.0255358167359311,0.0259339045045511,0.0262447884101602,0.0264224861608459,0.026436749482291,0.0262787143586072,0.0259662308097288,0.0255489288945603,0.0251122742513496,0.024778321968424,0.0246988394931109,0.0250358950721441,0.0259298643167307,0.0274658916122432,0.029656894237692,0.0324519051537734,0.0357608897435269,0.0394806640634637,0.0435132675704837,0.0477762996147012,NA,NA,NA,NA,NA,NA,NA,NA,NA,NA,NA,NA,NA,NA,NA,NA,NA,NA,NA,NA,NA,NA,NA,NA,NA,NA,NA,NA,NA
0.0476691920518357,0.0434133395820704,0.0393858972818301,0.0356687450134249,0.0323595117575289,0.0295615219716814,0.0273656946008739,0.0258246747883785,0.0249276246219146,0.0245911439346582,0.0246756764973588,0.025018968351059,0.0254683503671093,0.0259004747918227,0.0262283962470328,0.0264009228562604,0.0263986357744504,0.0262289187426604,0.0259207701466372,0.0255193472318547,0.0250798874098203,0.0246607115544915,0.0243154162972762,0.0240850609003055,0.0239918729289346,0.0240362017483965,0.0241977280310307,0.0244405327697818,0.0247203971511239,0.0249923567786136,0.0252170404038009,0.0253651325110852,0.0254199214439457,0.0253781767058673,0.0252496250444083,0.0250552095487066,0.0248242356691853,0.0245905110550861,0.0243877180193574,0.0242445130219669,0.0241801340624848,0.0242014326797054,0.0243020568524424,0.0244639850878649,0.024660973596202,0.0248630399276508,0.0250410341466436,0.0251705726287396,0.025234934628477,0.0252267862156954,0.0251487409057904,0.0250128130339362,0.0248388242869467,0.0246518442373335,0.0244788279741258,0.0243447752017409,0.0242689414131236,0.0242617859944151,0.024323318778686,0.0244432392277952,0.024602823022532,0.024778087999799,0.0249435433539932,0.0250758431623306,0.0251568458689062,0.0251757987413828,0.0251305321771299,0.0250276387001948,0.0248816476466715,0.0247132313024279,0.0245465356056853,0.0244058485841777,0.0243119988212958,0.024279057700032,0.0243119988212995,0.0244058485841839,0.0245465356056929,0.0247132313024369,0.0248816476466787,0.0250276387001995,0.0251305321771304,0.0251757987413782,0.025156845868895,0.0250758431623139,0.0249435433539728,0.0247780879997773,0.0246028230225126,0.0244432392277803,0.0243233187786772,0.0242617859944118,0.024268941413123,0.0243447752017393,0.024478827974119,0.0246518442373191,0.0248388242869244,0.0250128130339087,0.0251487409057636,0.0252267862156763,0.0252349346284703,0.0251705726287481,0.0250410341466655,0.024863039927683,0.0246609735962372,0.0244639850878979,0.0243020568524676,0.024201432679721,0.0241801340624919,0.0242445130219683,0.0243877180193587,0.0245905110550948,0.0248242356692058,0.0250552095487412,0.0252496250444576,0.025378176705926,0.025419921444005,0.0253651325111343,0.0252170404038298,0.0249923567786162,0.0247203971510981,0.0244405327697332,0.0241977280309668,0.0240362017483296,0.0239918729288783,0.0240850609002693,0.0243154162972616,0.0246607115544892,0.0250798874098203,0.0255193472318452,0.0259207701466094,0.026228918742612,0.0263986357743867,0.0264009228561896,0.0262283962469664,0.0259004747917748,0.0254683503670835,0.02501896835106,0.0246756764973795,0.0245911439346904,0.0249276246219464,0.0258246747884016,0.0273656946008833,0.029561521971681,0.0323595117575252,0.0356687450134277,0.0393858972818453,0.0434133395821074,0.0476691920519004,NA,NA,NA,NA,NA,NA,NA,NA,NA,NA,NA,NA,NA,NA,NA,NA,NA,NA,NA,NA,NA,NA,NA,NA,NA,NA,NA,NA
0.0473752459005276,0.0431806067307967,0.0392086304680471,0.0355384651821754,0.0322645034474004,0.0294869101469203,0.0272945923565604,0.0257407142593012,0.0248183377970336,0.0244506283545883,0.0245051135735484,0.024825049803843,0.0252608322931795,0.0256899456783957,0.0260246491924801,0.0262118716245,0.0262296091603288,0.0260822211673543,0.0257954784276351,0.0254113807327724,0.0249824292050686,0.0245650556305224,0.0242122450038455,0.0239660089453641,0.023851058843417,0.0238713204511455,0.0240103983857883,0.0242358503771069,0.0245058968810349,0.0247767022202138,0.0250087185191852,0.0251713250103498,0.0252456305892627,0.0252256343529141,0.0251180038563218,0.0249406647751075,0.0247203135315657,0.0244889454184654,0.0242795841095154,0.024121613023162,0.0240363812395247,0.0240339358576083,0.0241116432292962,0.0242550428786499,0.0244406827150894,0.0246401983731504,0.0248247307435284,0.0249689187097545,0.0250539972916519,0.0250698056700689,0.0250156807219373,0.0249002806662352,0.0247403951862131,0.0245588077185423,0.0243813297082314,0.024233252317606,0.0241356456638674,0.0241021097573182,0.0241366319803466,0.0242330415729023,0.0243761866726293,0.0245445361608643,0.0247136104249093,0.0248595720688103,0.0249624268783012,0.0250084864538795,0.0249919250248463,0.0249153771184003,0.0247895748381797,0.0246320468022128,0.0244649367292868,0.0243120834894067,0.0241956493875345,0.0241327612722507,0.0241327612722554,0.0241956493875475,0.0243120834894232,0.0244649367293007,0.0246320468022192,0.0247895748381745,0.0249153771183826,0.0249919250248162,0.0250084864538397,0.0249624268782563,0.0248595720687664,0.0247136104248713,0.0245445361608358,0.0243761866726108,0.0242330415728942,0.0241366319803463,0.0241021097573205,0.0241356456638672,0.024233252317599,0.0243813297082148,0.0245588077185172,0.0247403951861827,0.0249002806662065,0.0250156807219179,0.0250698056700645,0.0250539972916655,0.0249689187097854,0.0248247307435719,0.0246401983731996,0.0244406827151364,0.0242550428786881,0.024111643229322,0.0240339358576217,0.024036381239528,0.0241216130231621,0.0242795841095189,0.0244889454184798,0.0247203135315954,0.0249406647751521,0.0251180038563796,0.0252256343529757,0.0252456305893194,0.0251713250103915,0.0250087185192025,0.0247767022202014,0.0245058968809946,0.0242358503770447,0.0240103983857159,0.0238713204510771,0.0238510588433638,0.0239660089453322,0.0242122450038338,0.0245650556305228,0.0249824292050669,0.0254113807327591,0.0257954784276037,0.0260822211673044,0.0262296091602658,0.0262118716244328,0.0260246491924206,0.025689945678354,0.0252608322931606,0.0248250498038496,0.0245051135735723,0.0244506283546209,0.0248183377970652,0.0257407142593222,0.0272945923565689,0.0294869101469187,0.0322645034473967,0.0355384651821743,0.0392086304680615,0.0431806067308301,0.0473752459005839,NA,NA,NA,NA,NA,NA,NA,NA,NA,NA,NA,NA,NA,NA,NA,NA,NA,NA,NA,NA,NA,NA,NA,NA,NA,NA,NA
0.0472286558433349,0.0431416897418984,0.0392679284071623,0.0356811887786056,0.0324691429663588,0.0297247550595873,0.0275312631423467,0.0259407203570153,0.0249521439461198,0.0245012643361752,0.0244708129666043,0.0247171156119653,0.0250988982057293,0.0254971811761702,0.0258241187650357,0.0260241039934868,0.0260710216449889,0.0259640754955608,0.0257232015952496,0.0253842377995404,0.0249936536820476,0.0246026097067999,0.0242603560856478,0.0240074645034138,0.0238699515180205,0.0238556545396771,0.0239539032277428,0.0241385905611376,0.0243736852147658,0.0246196552679309,0.0248394026562344,0.0250028631882303,0.0250899980971828,0.0250922572124632,0.0250127160515639,0.0248650706422295,0.0246716151006578,0.0244603031910974,0.0242610544629898,0.0241016234833771,0.0240035686910937,0.0239790283857452,0.0240289939189646,0.0241434861362788,0.0243035676867481,0.0244846712518179,0.024660490265147,0.024806716102503,0.0249041175249378,0.0249407017789812,0.0249128769151639,0.0248256283378891,0.0246917546368475,0.0245302215828911,0.0243637306201173,0.0242156875828399,0.0241068995532857,0.0240524812984596,0.0240595353027514,0.02412609577437,0.0242415742439414,0.0243885919672695,0.0245457771857396,0.0246909593374637,0.0248042258815352,0.0248704525148696,0.0248810833813105,0.0248350642488926,0.0247389036095184,0.0246058717705107,0.0244543780818271,0.0243056234383407,0.024180728625878,0.0240976811309828,0.0240685768509133,0.0240976811309819,0.0241807286258758,0.0243056234383377,0.0244543780818235,0.0246058717705081,0.0247389036095183,0.0248350642488954,0.0248810833813158,0.024870452514877,0.0248042258815432,0.0246909593374711,0.0245457771857449,0.0243885919672722,0.0242415742439409,0.0241260957743675,0.0240595353027487,0.0240524812984582,0.0241068995532865,0.0242156875828427,0.0243637306201203,0.0245302215828926,0.0246917546368466,0.0248256283378854,0.0249128769151577,0.0249407017789739,0.0249041175249299,0.0248067161024965,0.024660490265142,0.0244846712518148,0.0243035676867477,0.0241434861362808,0.024028993918968,0.0239790283857497,0.0240035686910967,0.0241016234833773,0.0242610544629879,0.0244603031910934,0.0246716151006539,0.0248650706422292,0.0250127160515666,0.0250922572124704,0.025089998097195,0.0250028631882437,0.024839402656247,0.0246196552679396,0.0243736852147676,0.0241385905611329,0.0239539032277329,0.0238556545396652,0.0238699515180102,0.0240074645034078,0.0242603560856465,0.0246026097068014,0.0249936536820473,0.0253842377995375,0.0257232015952434,0.0259640754955526,0.0260710216449798,0.0260241039934794,0.025824118765033,0.025497181176174,0.0250988982057376,0.0247171156119754,0.024470812966616,0.0245012643361847,0.0249521439461267,0.0259407203570189,0.0275312631423469,0.0297247550595871,0.0324691429663588,0.0356811887786054,0.0392679284071615,0.0431416897418956,0.0472286558433312,NA,NA,NA,NA,NA,NA,NA,NA,NA,NA,NA,NA,NA,NA,NA,NA,NA,NA,NA,NA,NA,NA,NA,NA,NA,NA
0.0472663946370838,0.0431649796071757,0.0392762627795314,0.0356742529670439,0.032447147438849,0.0296889206432978,0.0274843417209748,0.0258872667195141,0.0248981964172959,0.0244533702284286,0.0244348149241241,0.0246972617461502,0.0250974977236139,0.025514653197097,0.0258591956867128,0.0260740516616046,0.0261318485071825,0.0260307616521341,0.0257899978972895,0.0254450830549581,0.0250427392954863,0.0246350802681443,0.0242730676529464,0.0239996438178833,0.023843552203529,0.0238152443529774,0.0239060522566338,0.0240908991132903,0.0243336914386243,0.0245938487680451,0.024832479539332,0.0250172619675979,0.0251256990680249,0.0251468135621059,0.0250814952392479,0.0249416999477939,0.0247486311502876,0.0245299915557755,0.0243164265903348,0.0241374184565643,0.024017107521361,0.0239707253409772,0.0240023758767757,0.0241046863731051,0.0242603982013508,0.024445473123264,0.0246329789679482,0.024796991256517,0.0249159353575939,0.0249750494862301,0.0249678553134994,0.0248966383559611,0.0247719813069439,0.0246114018768514,0.0244371668624079,0.0242734208839322,0.024142894833531,0.0240636211510486,0.0240462098809029,0.0240922365965135,0.0241941033888113,0.0243363974815645,0.0244984221989379,0.0246573552960073,0.0247914606373294,0.024882897718867,0.0249198459840513,0.0248978091981855,0.024820056998655,0.0246972037373786,0.0245459476198462,0.0243870300268896,0.0242425534743724,0.0241329248468711,0.0240738411722015,0.0240738411722532,0.0241329248470089,0.024242553474547,0.024387030027033,0.0245459476198906,0.0246972037372751,0.0248200569983879,0.0248978091977759,0.0249198459835509,0.024882897718344,0.0247914606368533,0.0246573552956362,0.0244984221987057,0.024336397481475,0.0241941033888332,0.0240922365965927,0.0240462098809758,0.024063621151065,0.0241428948334685,0.0242734208838003,0.0244371668622435,0.0246114018767046,0.0247719813068628,0.0248966383559794,0.0249678553136315,0.0249750494864675,0.0249159353579079,0.024796991256867,0.0246329789682873,0.0244454731235474,0.0242603982015471,0.0241046863732051,0.0240023758767958,0.0239707253409508,0.0240171075213304,0.0241374184565686,0.0243164265903971,0.024529991555902,0.0247486311504641,0.0249416999479908,0.0250814952394251,0.0251468135622311,0.0251256990680713,0.0250172619675584,0.0248324795392133,0.0245938487678659,0.0243336914384112,0.0240908991130701,0.0239060522564311,0.0238152443528113,0.0238435522034112,0.0239996438178187,0.0242730676529266,0.0246350802681517,0.0250427392954989,0.0254450830549517,0.0257899978972434,0.026030761652035,0.0261318485070331,0.0260740516614176,0.0258591956865119,0.0255146531969152,0.0250974977234807,0.0246972617460866,0.0244348149241369,0.0244533702284963,0.0248981964173858,0.0258872667195859,0.0274843417210049,0.0296889206432866,0.0324471474388182,0.0356742529670286,0.0392762627795751,0.0431649796073136,0.0472663946373479,NA,NA,NA,NA,NA,NA,NA,NA,NA,NA,NA,NA,NA,NA,NA,NA,NA,NA,NA,NA,NA,NA,NA,NA,NA
0.0472999861012262,0.0431855545457823,0.0392831983697762,0.0356670526592836,0.032425755068615,0.0296541977603661,0.0274386069431274,0.0258346251134412,0.0248443069646092,0.0244045491055782,0.0243968526624125,0.0246745139815486,0.0250924962888704,0.0255281090309861,0.0258901643091077,0.0261201227533329,0.0261893277968056,0.0260948724173064,0.0258551504400184,0.0255052612011375,0.0250920381766967,0.0246683935074586,0.0242868583777893,0.0239926525039218,0.0238172350851239,0.0237737568469447,0.0238557173556884,0.0240392761619634,0.0242884810930532,0.0245618727795466,0.0248188876405541,0.0250250167777614,0.0251553254563851,0.0251963795293225,0.0251468002912413,0.0250166639877584,0.0248258869403051,0.0246016760751465,0.0243751340485695,0.0241772208050351,0.0240344829369368,0.023965195587893,0.0239766782562342,0.0240644072083319,0.0242131363487599,0.0243997171559225,0.0245969214184787,0.024777468374312,0.0249176097368879,0.0249998868454831,0.0250149064465725,0.0249621224207365,0.0248496654056236,0.0246932697093265,0.0245143529348537,0.024337347783084,0.0241864908373359,0.0240824316192523,0.0240391822721868,0.0240619902485801,0.0241465997797516,0.0242800702048971,0.0244429475158574,0.0246122970680168,0.0247650031501244,0.0248808173350054,0.0249448059901078,0.0249490151069361,0.0248932858998982,0.0247852118712609,0.0246392504809587,0.0244750241991452,0.0243148991502035,0.0241810346850365,0.0240922460685405,0.024061165978602,0.0240922460685806,0.0241810346851032,0.024314899150272,0.0244750241991876,0.0246392504809506,0.024785211871189,0.0248932858997627,0.0249490151067517,0.0249448059898982,0.0248808173347992,0.0247650031499478,0.0246122970678897,0.0244429475157884,0.0242800702048816,0.0241465997797725,0.0240619902486136,0.0240391822722092,0.0240824316192466,0.0241864908372992,0.0243373477830256,0.0245143529347911,0.0246932697092786,0.024849665405607,0.0249621224207624,0.025014906446641,0.0249998868455891,0.0249176097370167,0.0247774683744453,0.0245969214185981,0.0243997171560152,0.0242131363488171,0.0240644072083552,0.0239766782562331,0.0239651955878811,0.0240344829369283,0.0241772208050414,0.0243751340485973,0.0246016760751967,0.0248258869403707,0.0250166639878307,0.0251468002913058,0.0251963795293709,0.0251553254564077,0.0250250167777558,0.0248188876405245,0.0245618727794945,0.0242884810929868,0.0240392761618888,0.0238557173556131,0.0237737568468783,0.023817235085074,0.0239926525038929,0.02428685837778,0.0246683935074638,0.0250920381767066,0.0255052612011389,0.0258551504400038,0.0260948724172679,0.0261893277967414,0.0261201227532489,0.0258901643090144,0.0255281090308998,0.025092496288806,0.0246745139815147,0.0243968526624126,0.0244045491056046,0.0248443069646428,0.0258346251134695,0.0274386069431383,0.0296541977603599,0.0324257550686022,0.0356670526592777,0.0392831983697963,0.0431855545458407,0.0472999861013417,NA,NA,NA,NA,NA,NA,NA,NA,NA,NA,NA,NA,NA,NA,NA,NA,NA,NA,NA,NA,NA,NA,NA,NA
0.0470581266133946,0.0429897363362228,0.0391290101434119,0.0355481137211967,0.0323333886315933,0.0295775149644972,0.0273653152613025,0.0257527685268929,0.0247446230208568,0.024282435290023,0.0242529086839217,0.0245135494295387,0.0249217795464577,0.0253556742209895,0.0257235341044354,0.0259654448525113,0.0260508109323524,0.0259744317921703,0.0257522295577115,0.0254168472052318,0.0250129210640362,0.0245917276579263,0.0242050521681804,0.0238985249260824,0.0237052517464196,0.0236410546263914,0.0237026332682349,0.0238692419214887,0.024107354716916,0.0243769285220446,0.0246377125239682,0.0248544974670218,0.0250008228640509,0.0250611275029205,0.0250315395533224,0.0249195226766409,0.0247425288459331,0.0245257418180872,0.024298984997637,0.0240929498718841,0.0239350813658144,0.0238456830790998,0.0238349591665158,0.0239016498064239,0.0240335879400733,0.0242100159788179,0.02440507746001,0.0245917206358328,0.0247453371569983,0.0248466919584231,0.0248839389537786,0.0248536792048068,0.0247610923568441,0.0246191884092099,0.0244472279710283,0.0242683848241035,0.0241068031068647,0.0239843373374784,0.0239174220082197,0.0239146208669118,0.0239753645911364,0.0240901616894518,0.0242422245958432,0.0244101318782919,0.0245709754195229,0.0247034529305175,0.024790502198161,0.0248212416667129,0.0247921150782927,0.0247072139286407,0.0245777830833185,0.0244209312118594,0.0242576010279953,0.0241099302279233,0.0239982590393875,0.0239381872820965,0.023938187282108,0.0239982590394182,0.0241099302279627,0.0242576010280282,0.0244209312118719,0.0245777830832993,0.0247072139285858,0.0247921150782066,0.024821241666605,0.024790502198046,0.0247034529304106,0.0245709754194374,0.0244101318782362,0.024242224595819,0.0240901616894537,0.0239753645911525,0.0239146208669293,0.0239174220082271,0.0239843373374696,0.0241068031068409,0.0242683848240716,0.0244472279709977,0.0246191884091916,0.0247610923568453,0.0248536792048302,0.0248839389538238,0.0248466919584829,0.0247453371570641,0.0245917206358957,0.0244050774600609,0.0242100159788533,0.0240335879400919,0.0239016498064286,0.0238349591665124,0.023845683079094,0.0239350813658123,0.0240929498718891,0.0242989849976509,0.0245257418181099,0.0247425288459619,0.0249195226766734,0.0250315395533534,0.0250611275029461,0.0250008228640693,0.0248544974670312,0.0246377125239664,0.0243769285220311,0.0241073547168915,0.0238692419214564,0.0237026332681973,0.0236410546263552,0.0237052517463912,0.0238985249260662,0.0242050521681756,0.0245917276579301,0.0250129210640426,0.0254168472052343,0.0257522295577041,0.0259744317921496,0.0260508109323138,0.0259654448524588,0.0257235341043756,0.025355674220933,0.0249217795464131,0.0245135494295154,0.0242529086839192,0.0242824352900338,0.0247446230208752,0.0257527685269084,0.0273653152613096,0.0295775149644938,0.0323333886315862,0.0355481137211959,0.0391290101434246,0.0429897363362614,0.0470581266134607,NA,NA,NA,NA,NA,NA,NA,NA,NA,NA,NA,NA,NA,NA,NA,NA,NA,NA,NA,NA,NA,NA,NA
0.0468575402345447,0.0428361187693875,0.039017878814697,0.0354729063588855,0.0322850776840872,0.0295446304325798,0.0273347195613315,0.025711445043021,0.0246822108885663,0.024193470483454,0.0241376009631653,0.0243768561363625,0.0247715552233001,0.0252008119891501,0.0255725418230759,0.0258254820239016,0.02592706344249,0.0258697155085993,0.0256667734454981,0.0253482623666603,0.0249564016355947,0.0245405457957056,0.0241513880163395,0.0238345974714857,0.0236245935411553,0.0235396551102319,0.0235796484732004,0.0237270828266095,0.0239511709349991,0.0242136775930682,0.0244750642885705,0.0246997781208467,0.0248601191047632,0.0249386022364756,0.0249289760601639,0.0248361080496103,0.0246748954738113,0.0244682928280432,0.0242445218524716,0.0240335857251554,0.023863358402737,0.0237557303574306,0.0237234666229409,0.0237684386824589,0.0238816459194005,0.0240450047323092,0.0242344461447608,0.024423620295216,0.0245875220583351,0.0247055446507988,0.0247637021149089,0.0247559402661156,0.0246845500198449,0.0245597260139887,0.0243983150352353,0.0242218116871948,0.0240537137576695,0.0239164602565172,0.0238283230058635,0.023800748747284,0.0238366680494531,0.0239301396745489,0.0240674062832193,0.0242291103722719,0.0243931923929999,0.0245379368603149,0.0246447223739054,0.0247001868519734,0.0246976633503913,0.0246378365103519,0.0245286149587253,0.0243842331219729,0.0242236167637456,0.0240680977787086,0.0239386611107032,0.0238530408138933,0.0238231082769143,0.0238530408139077,0.0239386611107266,0.0240680977787329,0.0242236167637618,0.0243842331219719,0.0245286149587026,0.0246378365103068,0.0246976633503272,0.0247001868518988,0.02464472237383,0.0245379368602492,0.0243931923929509,0.0242291103722435,0.0240674062832103,0.0239301396745543,0.0238366680494647,0.0238007487472927,0.0238283230058639,0.0239164602565079,0.0240537137576521,0.0242218116871746,0.0243983150352191,0.0245597260139821,0.0246845500198518,0.0247559402661366,0.0247637021149415,0.0247055446508383,0.0245875220583737,0.024423620295249,0.0242344461447853,0.0240450047323231,0.0238816459194072,0.0237684386824588,0.0237234666229381,0.0237557303574285,0.0238633584027365,0.0240335857251596,0.0242445218524798,0.0244682928280543,0.0246748954738263,0.0248361080496278,0.0249289760601819,0.0249386022364939,0.0248601191047783,0.0246997781208592,0.0244750642885766,0.0242136775930673,0.0239511709349896,0.0237270828265925,0.0235796484731778,0.0235396551102089,0.0236245935411375,0.0238345974714764,0.0241513880163377,0.0245405457957107,0.0249564016356028,0.0253482623666658,0.025666773445496,0.0258697155085859,0.0259270634424669,0.0258254820238702,0.0255725418230377,0.0252008119891126,0.0247715552232709,0.024376856136345,0.0241376009631607,0.0241934704834595,0.0246822108885769,0.0257114450430307,0.0273347195613363,0.0295446304325785,0.0322850776840818,0.0354729063588839,0.0390178788147037,0.0428361187694093,0.0468575402345843,NA,NA,NA,NA,NA,NA,NA,NA,NA,NA,NA,NA,NA,NA,NA,NA,NA,NA,NA,NA,NA,NA
0.0466829031184231,0.0426898387205967,0.0388968205316543,0.0353726771903415,0.0321998967582527,0.0294674994387997,0.0272580662225921,0.0256283091408159,0.0245877077249168,0.0240858846447082,0.0240185223903072,0.0242503719887726,0.0246430290984664,0.0250757611265952,0.025455813860868,0.0257207096296489,0.0258363163866056,0.02579329471602,0.0256031329513151,0.0252940786827384,0.0249068304492278,0.0244897078109838,0.02409309828225,0.0237632861913375,0.0235362708445673,0.0234326925628897,0.023455151438458,0.0235887395154399,0.0238046343243025,0.0240656661137522,0.0243323960301121,0.0245684996948375,0.0247448127734326,0.0248418977368632,0.024851268835038,0.0247754849303195,0.0246272783643586,0.0244278178237464,0.0242041642803938,0.0239860116130729,0.0238019272445669,0.0236755049524383,0.023622034407313,0.023646353785696,0.023742379507622,0.0238944169845574,0.0240799087497094,0.0242729752689598,0.0244480529412191,0.0245830868405022,0.0246619649585525,0.0246760758182077,0.0246249861061543,0.0245162774849641,0.0243645855507543,0.0241898870981786,0.0240151172367589,0.0238632855532379,0.0237543956793955,0.0237026127541539,0.0237141913955484,0.0237865982321772,0.0239090239640254,0.0240641587036058,0.0242308329973104,0.024387005674542,0.0245126194519314,0.024591981805275,0.0246154801042244,0.0245805530581893,0.024491901733105,0.0243609473701584,0.024204556934644,0.0240430892760819,0.0238978868050612,0.0237884538850759,0.0237296974288347,0.0237296974288391,0.0237884538850873,0.0238978868050762,0.0240430892760959,0.0242045569346521,0.0243609473701559,0.0244919017330896,0.0245805530581594,0.0246154801041832,0.024591981805227,0.0245126194518828,0.0243870056744996,0.0242308329972797,0.0240641587035886,0.0239090239640202,0.0237865982321807,0.0237141913955549,0.0237026127541576,0.0237543956793933,0.0238632855532286,0.0240151172367437,0.0241898870981626,0.0243645855507424,0.0245162774849607,0.0246249861061623,0.0246760758182274,0.02466196495858,0.0245830868405355,0.0244480529412516,0.0242729752689865,0.0240799087497289,0.0238944169845699,0.0237423795076285,0.0236463537856973,0.023622034407312,0.0236755049524366,0.0238019272445672,0.0239860116130752,0.0242041642804008,0.0244278178237583,0.024627278364374,0.0247754849303379,0.0248512688350577,0.0248418977368816,0.0247448127734475,0.0245684996948462,0.0243323960301107,0.0240656661137428,0.023804634324284,0.0235887395154153,0.0234551514384329,0.0234326925628666,0.0235362708445516,0.0237632861913299,0.0240930982822495,0.0244897078109888,0.0249068304492353,0.0252940786827436,0.0256031329513155,0.0257932947160114,0.0258363163865899,0.0257207096296249,0.0254558138608422,0.0250757611265683,0.0246430290984466,0.0242503719887604,0.0240185223903073,0.0240858846447149,0.0245877077249273,0.0256283091408267,0.0272580662225969,0.0294674994387965,0.0321998967582456,0.0353726771903362,0.0388968205316586,0.0426898387206126,0.0466829031184577,NA,NA,NA,NA,NA,NA,NA,NA,NA,NA,NA,NA,NA,NA,NA,NA,NA,NA,NA,NA,NA
0.0465821097672874,0.0426001529888333,0.0388162281872893,0.0352985224904974,0.0321289334145188,0.0293961696141414,0.0271830644095042,0.0255473691277884,0.0245003330399477,0.0239936168107714,0.0239245542440543,0.0241587318440579,0.024557741749933,0.0250002273867005,0.0253924262262631,0.0256706292063163,0.0257993481598502,0.0257678383927803,0.025586219377526,0.0252815219703176,0.0248935343483792,0.0244701577763745,0.0240620390958218,0.023716522504663,0.0234714463506432,0.0233498444429612,0.0233568556402411,0.023479777791001,0.0236912709745569,0.0239547291603299,0.0242303653247627,0.0244807393113345,0.0246750060572138,0.0247916908946316,0.0248201103608143,0.0247606522451723,0.0246240952747689,0.0244300748862082,0.0242047493045037,0.0239777316081916,0.0237784536778206,0.0236323113535326,0.0235571465285411,0.0235607337178397,0.0236398358167291,0.023781052546087,0.0239632323925649,0.0241608625162314,0.0243477328047365,0.024500280786102,0.0246002465843048,0.0246364788244214,0.0246058691251497,0.0245134507575869,0.02437170522882,0.0241991165940542,0.0240180317145929,0.023851950632434,0.0237224908302583,0.0236464153070886,0.0236332211422611,0.02368377046633,0.0237902655564164,0.0239375672008752,0.0241055507347161,0.0242720096283089,0.0244155997222079,0.0245184270205923,0.0245680361682372,0.0245586878021795,0.0244918927020745,0.0243762046088928,0.0242262850304412,0.0240612707542084,0.0239025237729829,0.0237709380480724,0.023684108179857,0.0236537876272329,0.0236841081798546,0.02377093804807,0.0239025237729842,0.0240612707542164,0.0242262850304581,0.0243762046089183,0.0244918927021044,0.0245586878022081,0.0245680361682592,0.0245184270206037,0.0244155997222078,0.0242720096282986,0.0241055507346988,0.0239375672008543,0.0237902655563969,0.0236837704663158,0.0236332211422531,0.0236464153070873,0.0237224908302615,0.0238519506324377,0.0240180317145942,0.0241991165940497,0.0243717052288079,0.0245134507575681,0.0246058691251256,0.0246364788243936,0.0246002465842773,0.0245002807860762,0.0243477328047161,0.0241608625162185,0.0239632323925619,0.0237810525460931,0.0236398358167415,0.023560733717853,0.0235571465285513,0.0236323113535359,0.0237784536778175,0.0239777316081867,0.0242047493045034,0.0244300748862181,0.0246240952747941,0.0247606522452153,0.0248201103608716,0.0247916908946955,0.0246750060572755,0.0244807393113837,0.0242303653247909,0.0239547291603321,0.0236912709745353,0.0234797777909626,0.0233568556401961,0.0233498444429203,0.0234714463506144,0.0237165225046506,0.0240620390958227,0.0244701577763863,0.0248935343483936,0.0252815219703241,0.0255862193775207,0.0257678383927562,0.0257993481598114,0.0256706292062629,0.0253924262262034,0.0250002273866457,0.024557741749885,0.0241587318440292,0.0239245542440458,0.0239936168107782,0.0245003330399641,0.0255473691278024,0.0271830644095091,0.0293961696141368,0.0321289334145089,0.035298522490492,0.0388162281872991,0.042600152988867,0.0465821097673574,NA,NA,NA,NA,NA,NA,NA,NA,NA,NA,NA,NA,NA,NA,NA,NA,NA,NA,NA,NA
0.0465240424785467,0.0425581831525064,0.0387879437042462,0.0352805501255666,0.0321168659067399,0.0293847492187532,0.0271667576522233,0.0255213748062805,0.0244617801692515,0.0239423958492241,0.0238632984311913,0.0240920002660724,0.0244908972343033,0.0249384576998593,0.0253400655176151,0.0256307374124722,0.0257734620063774,0.0257558378920156,0.0255862951612998,0.0252902606933665,0.0249061589821822,0.0244809639293141,0.0240650486348056,0.0237063213510262,0.023444087546388,0.0233036147343975,0.0232926846659417,0.0234011547034304,0.0236036926377299,0.0238648446629759,0.0241450297967214,0.0244061478367308,0.0246160002530394,0.0247512666885424,0.0247991242041047,0.0247577188319521,0.0246356793614498,0.0244507905050926,0.0242278810945758,0.023995975919881,0.0237848355738625,0.0236211715442726,0.0235250307853397,0.0235069923538965,0.023566782750903,0.0236936387829891,0.0238683128696224,0.0240662213024777,0.024261050640832,0.0244281933172519,0.0245475854917895,0.0246057405413607,0.0245969289621097,0.024523531762903,0.0243956116791754,0.0242297404331183,0.0240471257348961,0.0238711268444873,0.0237243463006879,0.0236256249177408,0.023587396420685,0.0236138979340496,0.0237006186225408,0.0238351077287787,0.0239989495314364,0.0241704758092,0.0243277068384355,0.0244510801514082,0.0245256702513012,0.0245427456050197,0.0245006081096656,0.0244047087792444,0.0242670489871469,0.024104885756147,0.0239387891666041,0.0237901701403311,0.0236785109129916,0.0236186622721546,0.0236186622721542,0.0236785109129902,0.0237901701403312,0.023938789166607,0.0241048857561547,0.0242670489871601,0.0244047087792614,0.0245006081096829,0.0245427456050346,0.0245256702513106,0.024451080151411,0.0243277068384315,0.0241704758091911,0.0239989495314242,0.023835107728766,0.0237006186225298,0.0236138979340426,0.0235873964206813,0.0236256249177408,0.0237243463006894,0.0238711268444888,0.0240471257348955,0.0242297404331145,0.024395611679168,0.0245235317628927,0.0245969289620963,0.0246057405413452,0.0245475854917714,0.0244281933172339,0.0242610506408159,0.0240662213024661,0.023868312869617,0.0236936387829901,0.0235667827509079,0.0235069923539032,0.0235250307853443,0.0236211715442731,0.0237848355738602,0.0239959759198779,0.0242278810945751,0.024450790505098,0.0246356793614665,0.0247577188319799,0.0247991242041423,0.0247512666885844,0.0246160002530823,0.0244061478367663,0.0241450297967455,0.023864844662983,0.0236036926377218,0.0234011547034107,0.0232926846659161,0.0233036147343735,0.0234440875463718,0.0237063213510189,0.0240650486348082,0.0244809639293232,0.0249061589821911,0.0252902606933721,0.0255862951612962,0.0257558378920005,0.0257734620063495,0.0256307374124365,0.0253400655175723,0.0249384576998208,0.0244908972342704,0.0240920002660507,0.0238632984311825,0.0239423958492258,0.0244617801692595,0.0255213748062885,0.0271667576522254,0.0293847492187493,0.0321168659067341,0.0352805501255635,0.0387879437042544,0.0425581831525314,0.0465240424785922,NA,NA,NA,NA,NA,NA,NA,NA,NA,NA,NA,NA,NA,NA,NA,NA,NA,NA,NA
0.0463826538410273,0.0424323743987503,0.0386755038710627,0.0351785339625067,0.0320216068953196,0.029292100041025,0.0270726325618773,0.0254225637170822,0.0243567820311644,0.0238318486573477,0.0237497414619033,0.0239791271521498,0.0243827015554538,0.024838553657749,0.0252512384908704,0.0255546642081704,0.0257105372309439,0.0257050776598867,0.0255453218291947,0.0252553941091619,0.0248726515537705,0.0244434160604838,0.0240180193241077,0.0236450968171766,0.0233654922068619,0.0232066755061117,0.0231789467425844,0.0232745315707408,0.0234698845370273,0.0237304904257288,0.0240167975368496,0.0242899239319828,0.0245162575186386,0.024670630643449,0.0247381278356236,0.0247147344601351,0.0246070272545252,0.0244310357362482,0.0242103332990631,0.0239733928698738,0.0237502949489253,0.0235690180252747,0.0234517450769802,0.0234117978290331,0.0234518359292456,0.0235637450927483,0.0237302312426687,0.0239277135005119,0.0241298588483676,0.0243110988328005,0.0244496449686439,0.024529745537925,0.0245431043830089,0.0244894784396539,0.0243764992114517,0.0242187576412727,0.0240361871214026,0.0238518058561316,0.0236889573274149,0.0235683150884093,0.0235050597544864,0.02350672053523,0.0235721241882871,0.0236916847511469,0.0238489606717862,0.0240231274391399,0.0241918711530849,0.0243342267559579,0.0244330094446689,0.0244766381543331,0.0244602677916992,0.0243862127799941,0.0242636684163876,0.0241077423067383,0.0239378227258231,0.023775357974614,0.0236412134891912,0.0235529013906884,0.0235220971476737,0.0235529013906878,0.0236412134891912,0.0237753579746186,0.023937822725835,0.0241077423067588,0.024263668416415,0.0243862127800233,0.0244602677917237,0.0244766381543482,0.0244330094446719,0.0243342267559492,0.0241918711530664,0.0240231274391147,0.0238489606717592,0.0236916847511224,0.0235721241882687,0.0235067205352193,0.0235050597544833,0.0235683150884106,0.0236889573274164,0.0238518058561304,0.0240361871213947,0.0242187576412579,0.0243764992114317,0.0244894784396284,0.0245431043829811,0.0245297455378941,0.0244496449686145,0.024311098832776,0.0241298588483513,0.0239277135005066,0.0237302312426748,0.0235637450927635,0.023451835929264,0.0234117978290488,0.0234517450769881,0.0235690180252759,0.0237502949489203,0.0239733928698709,0.0242103332990691,0.0244310357362725,0.02460702725457,0.0247147344602007,0.0247381278357038,0.0246706306435316,0.024516257518712,0.024289923932034,0.0240167975368722,0.023730490425719,0.0234698845369899,0.0232745315706877,0.0231789467425268,0.0232066755060623,0.0233654922068309,0.0236450968171652,0.0240180193241122,0.0244434160604973,0.0248726515537819,0.0252553941091629,0.0255453218291787,0.0257050776598508,0.0257105372308877,0.0255546642081024,0.0252512384907987,0.0248385536576869,0.0243827015554053,0.0239791271521234,0.0237497414618991,0.0238318486573606,0.0243567820311836,0.0254225637170973,0.0270726325618825,0.0292921000410199,0.0320216068953094,0.035178533962502,0.0386755038710746,0.0424323743987941,0.0463826538411055,NA,NA,NA,NA,NA,NA,NA,NA,NA,NA,NA,NA,NA,NA,NA,NA,NA,NA
0.0462295985862567,0.0422984361269473,0.0385582740370421,0.0350747471349472,0.0319271065906603,0.0292020387504572,0.0269820064821434,0.0253270906632212,0.0242538920327535,0.0237213235593631,0.0236336386142443,0.023861070662189,0.0242669572667734,0.0247292373078699,0.025151763903129,0.0254673879528332,0.0256365315182293,0.0256439924790234,0.0254953313688694,0.0252132475845928,0.0248338641252976,0.0244026395391997,0.0239696169080233,0.0235839006245084,0.0232876458873282,0.0231103824371621,0.0230649116247785,0.023145946703433,0.0233319570367107,0.0235896512396854,0.023879796563745,0.0241629854877603,0.0244043949172693,0.0245771512219908,0.0246643240909693,0.0246597501117178,0.0245678960734615,0.0244029036216691,0.0241868807197194,0.0239474669880871,0.0237147313578437,0.0235175796561604,0.0233800425393171,0.0233180104353286,0.0233370611476045,0.0234318810282974,0.0235874160622295,0.0237814524580203,0.0239880185828951,0.0241809337989231,0.0243369695185288,0.0244383111560491,0.0244742050794928,0.0244417918124498,0.0243461695368985,0.0241997303650262,0.0240208007803782,0.0238316283431291,0.023655812887201,0.0235153900971168,0.0234279174023424,0.0234040278595966,0.0234459274197961,0.0235471627773579,0.0236937081596355,0.0238661178689208,0.0240422906495863,0.0242003520143288,0.0243212533352248,0.0243908346804608,0.0244012319072304,0.0243515935073231,0.0242481094467258,0.0241033621783153,0.0239350150226916,0.0237638805297385,0.0236114801114381,0.0234973187745869,0.0234362291488432,0.0234362291488448,0.0234973187745912,0.0236114801114471,0.0237638805297526,0.0239350150227111,0.0241033621783368,0.0242481094467452,0.0243515935073344,0.024401231907229,0.0243908346804453,0.0243212533351966,0.0242003520142931,0.0240422906495473,0.0238661178688845,0.0236937081596061,0.0235471627773377,0.023445927419785,0.0234040278595935,0.0234279174023429,0.0235153900971159,0.0236558128871953,0.0238316283431172,0.0240208007803603,0.0241997303650058,0.024346169536878,0.0244417918124312,0.0244742050794773,0.0244383111560363,0.0243369695185197,0.0241809337989196,0.0239880185828976,0.0237814524580304,0.0235874160622463,0.0234318810283169,0.0233370611476226,0.0233180104353415,0.0233800425393225,0.0235175796561588,0.02371473135784,0.0239474669880879,0.0241868807197336,0.0244029036217031,0.0245678960735162,0.0246597501117922,0.0246643240910524,0.024577151222071,0.0244043949173334,0.0241629854877969,0.0238797965637507,0.02358965123966,0.0233319570366619,0.0231459467033709,0.0230649116247184,0.0231103824371143,0.0232876458873001,0.0235839006245007,0.0239696169080304,0.0244026395392131,0.0248338641253059,0.0252132475845893,0.0254953313688472,0.0256439924789824,0.0256365315181727,0.0254673879527656,0.0251517639030632,0.0247292373078131,0.0242669572667311,0.0238610706621683,0.0236336386142465,0.0237213235593781,0.0242538920327747,0.0253270906632363,0.0269820064821493,0.0292020387504513,0.0319271065906497,0.0350747471349436,0.038558274037056,0.0422984361269915,0.0462295985863401,NA,NA,NA,NA,NA,NA,NA,NA,NA,NA,NA,NA,NA,NA,NA,NA,NA
0.0463118807363832,0.0423958015188403,0.0386682482688841,0.0351936513087544,0.0320498478009809,0.0293221581862677,0.0270921989470215,0.0254203666266929,0.0243252276548181,0.0237691258757302,0.0236602082781612,0.0238718485388163,0.0242691007375668,0.0247302241206316,0.0251583718396321,0.0254850593287384,0.0256690052071024,0.0256930986836481,0.0255608958347112,0.025293098629796,0.0249239694772969,0.024497420155857,0.0240624860657523,0.0236680457833734,0.0233569978521738,0.0231606139881814,0.0230942277709052,0.0231554397561118,0.0233254245668875,0.0235729502749224,0.0238599304158237,0.0241471376454039,0.0243990640481215,0.024587462368417,0.0246935349422324,0.0247089474723487,0.0246358776673555,0.0244862514754013,0.0242802434713753,0.0240440697997466,0.0238071143438358,0.0235985226412878,0.023443569774212,0.0233603058695015,0.0233570999095209,0.0234316256427591,0.023571531196693,0.0237566139811166,0.0239619759833551,0.0241615030054863,0.0243310990381203,0.0244513110608544,0.0245091831743319,0.0244993156816024,0.0244241653167171,0.0242936308255225,0.024123956480517,0.0239359859612627,0.0237528356986652,0.0235971443518819,0.0234881848880786,0.0234392547094343,0.0234558150288999,0.0235347674044844,0.0236650268224359,0.02382925465305,0.0240063727951108,0.0241743797252559,0.0243130346425993,0.0244061060320513,0.0244430210813327,0.0244198549196539,0.0243396518186544,0.0242120868528946,0.0240524790203857,0.0238801802899173,0.0237164109630742,0.0235817011514684,0.0234932203931669,0.0234623909570453,0.0234932203931737,0.0235817011514809,0.0237164109630906,0.0238801802899358,0.0240524790204023,0.0242120868529047,0.0243396518186541,0.0244198549196401,0.0244430210813056,0.0244061060320124,0.0243130346425541,0.0241743797252097,0.0240063727950691,0.0238292546530172,0.0236650268224135,0.0235347674044728,0.0234558150288962,0.0234392547094344,0.0234881848880779,0.0235971443518771,0.0237528356986548,0.0239359859612473,0.0241239564804989,0.0242936308255045,0.0244241653167012,0.0244993156815887,0.0245091831743206,0.024451311060845,0.0243310990381128,0.0241615030054821,0.023961975983355,0.0237566139811217,0.0235715311967029,0.0234316256427727,0.0233570999095342,0.0233603058695115,0.0234435697742154,0.0235985226412845,0.0238071143438278,0.0240440697997399,0.0242802434713782,0.0244862514754193,0.0246358776673927,0.0247089474724049,0.0246935349423035,0.0245874623684931,0.0243990640481924,0.0241471376454604,0.023859930415857,0.0235729502749291,0.0233254245668694,0.0231554397560759,0.0230942277708624,0.0231606139881425,0.0233569978521502,0.0236680457833675,0.024062486065763,0.0244974201558785,0.0249239694773173,0.0252930986298086,0.0255608958347051,0.0256930986836221,0.0256690052070563,0.0254850593286759,0.0251583718395641,0.0247302241205689,0.0242691007375198,0.0238718485387873,0.0236602082781528,0.0237691258757383,0.0243252276548335,0.025420366626704,0.0270921989470243,0.029322158186262,0.0320498478009708,0.0351936513087489,0.0386682482688904,0.0423958015188695,0.0463118807364427,NA,NA,NA,NA,NA,NA,NA,NA,NA,NA,NA,NA,NA,NA,NA,NA
0.0461288412733424,0.042240986328684,0.0385387582457891,0.0350854309056196,0.0319575353999555,0.0292391825676306,0.0270112804973486,0.0253345249117538,0.0242291329046406,0.0236602585812634,0.0235392255385316,0.0237420257507817,0.0241352627311804,0.0245976733743891,0.0250320661024522,0.0253690525556759,0.0255660790935625,0.0256045213174209,0.0254862795753188,0.0252303618113217,0.0248694302324754,0.0244460642595909,0.0240084482312772,0.0236053139879988,0.023280284652149,0.0230662492692255,0.0229808588593418,0.0230243366551965,0.023180300217036,0.0234193628745725,0.0237044456879002,0.0239964452338224,0.0242591871397602,0.0244631276128623,0.0245877188369318,0.0246225944311434,0.024567785768508,0.0244331325728452,0.0242369749331841,0.0240041570668665,0.0237633685889553,0.023543920039086,0.0233722006138244,0.0232682609530061,0.023243111229517,0.0232973085491536,0.0234211674762246,0.0235965318099189,0.0237996701713127,0.0240046658673955,0.0241867053824863,0.0243248502032424,0.0244040849223531,0.0244165894648956,0.0243622619396988,0.0242485374807577,0.0240895382598539,0.0239045815372539,0.0237160925931657,0.0235470359481882,0.0234180926204134,0.0233449446389848,0.0233361187042853,0.0233918165371098,0.0235039865885857,0.0236576156182929,0.0238329490996379,0.0240081927232353,0.0241622407108589,0.0242770803763534,0.0243396627486679,0.0243431468231057,0.024287495495574,0.0241794288271793,0.0240317442703377,0.0238620176017303,0.0236907252321286,0.0235388947660273,0.0234254973683194,0.0233649173786836,0.0233649173786984,0.0234254973683608,0.0235388947660848,0.0236907252321884,0.0238620176017758,0.0240317442703533,0.0241794288271538,0.0242874954955021,0.0243431468229884,0.0243396627485149,0.0242770803761794,0.0241622407106808,0.0240081927230711,0.0238329490995035,0.0236576156181962,0.0235039865885296,0.0233918165370879,0.0233361187042848,0.0233449446389883,0.0234180926204038,0.0235470359481517,0.0237160925930939,0.0239045815371469,0.0240895382597188,0.0242485374806079,0.0243622619395502,0.0244165894647646,0.0244040849222536,0.0243248502031852,0.0241867053824764,0.0240046658674325,0.0237996701713886,0.0235965318100201,0.0234211674763351,0.0232973085492556,0.0232431112295948,0.023268260953051,0.0233722006138339,0.0235439200390647,0.023763368588919,0.024004157066831,0.0242369749331702,0.0244331325728666,0.024567785768578,0.0246225944312617,0.0245877188370925,0.0244631276130539,0.0242591871399653,0.0239964452340185,0.0237044456880701,0.0234193628747013,0.0231803002171173,0.0230243366552304,0.0229808588593408,0.0230662492692063,0.0232802846521296,0.0236053139879952,0.0240084482312985,0.0244460642596398,0.0248694302325458,0.025230361811404,0.025486279575401,0.0256045213174876,0.0255660790936018,0.0253690525556828,0.0250320661024238,0.0245976733743272,0.0241352627310946,0.0237420257506875,0.0235392255384409,0.0236602585811898,0.0242291329045913,0.0253345249117301,0.0270112804973446,0.029239182567635,0.0319575353999554,0.0350854309056021,0.0385387582457474,0.0422409863286096,0.0461288412732299,NA,NA,NA,NA,NA,NA,NA,NA,NA,NA,NA,NA,NA,NA,NA
0.0460063819875482,0.0421377899810569,0.0384524555882195,0.0350127546532804,0.0318942411202928,0.0291801865554525,0.0269511326725538,0.025268270619983,0.0241533915266207,0.0235740625602912,0.0234441607170335,0.0236416323438829,0.0240340827122592,0.0245003596932437,0.0249427329624602,0.0252908523521903,0.0255009335057077,0.0255529520581553,0.0254473186994909,0.0252015499280802,0.0248469306791891,0.0244249319754938,0.0239830886668484,0.0235701398038881,0.0232305183784923,0.0229987383581933,0.0228947055791542,0.0229211541653828,0.0230640094831039,0.0232955941730799,0.0235797165020631,0.0238773036391646,0.0241514559249591,0.0243713124238386,0.0245145922447686,0.0245689465700975,0.0245323329787462,0.0244125864551685,0.0242262856353022,0.0239969486230365,0.0237525732894255,0.0235225870167008,0.0233344014168596,0.0232099557634748,0.0231628027893036,0.0231963281464004,0.0233035170025169,0.0234683184096585,0.0236682636933299,0.0238777468370647,0.0240713519548891,0.0242267635637444,0.0243270038713482,0.0243619131291681,0.0243288867930714,0.0242329149008488,0.0240859627410963,0.0239057182192126,0.023713737441975,0.0235330670305094,0.023385518183624,0.0232888977023418,0.0232546156540739,0.0232861162901393,0.0233784644987626,0.0235191772600563,0.0236901076651763,0.023869983229886,0.0240371379132736,0.0241720455009645,0.0242593949123111,0.024289577604137,0.0242595456107324,0.0241730404501516,0.0240402026308515,0.023876570897328,0.0237014925592626,0.0235360108359473,0.0234003818021496,0.0233114913157113,0.0232805511287273,0.023311491315712,0.023400381802151,0.0235360108359505,0.0237014925592684,0.0238765708973355,0.0240402026308596,0.024173040450159,0.024259545610738,0.024289577604139,0.0242593949123092,0.0241720455009589,0.0240371379132654,0.023869983229877,0.0236901076651682,0.0235191772600497,0.0233784644987582,0.0232861162901372,0.0232546156540728,0.0232888977023413,0.0233855181836238,0.023533067030509,0.0237137374419754,0.0239057182192141,0.0240859627411006,0.0242329149008546,0.0243288867930785,0.024361913129176,0.024327003871355,0.0242267635637493,0.024071351954891,0.0238777468370637,0.0236682636933261,0.0234683184096533,0.0233035170025122,0.0231963281463966,0.0231628027893013,0.0232099557634739,0.0233344014168602,0.0235225870167029,0.0237525732894305,0.0239969486230433,0.0242262856353139,0.0244125864551846,0.0245323329787672,0.0245689465701204,0.024514592244793,0.0243713124238599,0.0241514559249732,0.0238773036391694,0.0235797165020566,0.0232955941730619,0.0230640094830775,0.0229211541653527,0.0228947055791264,0.0229987383581721,0.0232305183784816,0.0235701398038872,0.0239830886668531,0.0244249319754981,0.0248469306791876,0.0252015499280705,0.025447318699467,0.0255529520581187,0.025500933505664,0.0252908523521438,0.0249427329624169,0.0245003596932096,0.0240340827122411,0.0236416323438776,0.0234441607170421,0.0235740625603076,0.024153391526636,0.0252682706199946,0.0269511326725565,0.0291801865554496,0.0318942411202876,0.0350127546532819,0.0384524555882358,0.0421377899810911,0.0460063819876088,NA,NA,NA,NA,NA,NA,NA,NA,NA,NA,NA,NA,NA,NA
0.0458364275816706,0.0420024889893063,0.0383485531897768,0.0349355731386776,0.0318374164627153,0.0291356562852033,0.0269095888746749,0.0252202730571956,0.0240910558946141,0.0234927330718954,0.0233432353326047,0.023524176384572,0.0239056216667233,0.024367516800151,0.0248121231360781,0.025168313966533,0.0253910225200326,0.0254586077420097,0.0253696467282178,0.025139709069561,0.0247981413156063,0.0243846471923364,0.0239453779629521,0.0235283210535565,0.0231780223059137,0.0229301009348668,0.0228064891553419,0.0228125602890016,0.0229370140839833,0.0231545878953842,0.0234307821009129,0.0237273297134783,0.0240072625663336,0.024238895848206,0.0243985315853203,0.0244719794064089,0.0244550959161261,0.024353522927146,0.0241817346708845,0.0239614368662187,0.0237193297506254,0.0234842777221685,0.0232840349686508,0.0231418478069387,0.0230734315443845,0.0230848992535541,0.0231721068979796,0.0233215689259509,0.0235127106246163,0.0237209336490263,0.0239208885395139,0.024089455107734,0.0242081266050682,0.0242646748840847,0.0242540893869843,0.0241788299860023,0.0240484355285388,0.023878515630516,0.0236891497247298,0.02350274679599,0.0233414949829917,0.0232246469914705,0.0231660098849876,0.0231720729176536,0.0232411514396023,0.0233637328143849,0.0235239415821086,0.0237018041593938,0.0238758767895135,0.0240258217583693,0.0241346279103488,0.0241903032528779,0.0241869705791068,0.024125354689494,0.0240126694214896,0.0238619131980848,0.0236905849725475,0.0235188587019586,0.0233673183449184,0.0232544570149557,0.0231942588114958,0.0231942588114969,0.0232544570149598,0.0233673183449242,0.0235188587019654,0.0236905849725525,0.0238619131980875,0.0240126694214878,0.0241253546894877,0.024186970579095,0.0241903032528623,0.0241346279103312,0.0240258217583516,0.0238758767894979,0.0237018041593826,0.0235239415821019,0.0233637328143832,0.0232411514396039,0.0231720729176556,0.0231660098849891,0.0232246469914692,0.0233414949829879,0.0235027467959848,0.0236891497247256,0.0238785156305142,0.0240484355285419,0.0241788299860106,0.024254089386997,0.0242646748841021,0.024208126605086,0.0240894551077507,0.0239208885395264,0.0237209336490346,0.0235127106246184,0.0233215689259493,0.0231721068979753,0.0230848992535496,0.023073431544381,0.0231418478069366,0.0232840349686518,0.0234842777221709,0.0237193297506295,0.0239614368662246,0.0241817346708921,0.0243535229271559,0.0244550959161372,0.0244719794064184,0.0243985315853301,0.0242388958482139,0.0240072625663356,0.0237273297134765,0.0234307821009038,0.0231545878953698,0.0229370140839654,0.0228125602889825,0.0228064891553248,0.0229301009348566,0.023178022305909,0.0235283210535579,0.0239453779629558,0.0243846471923412,0.0247981413156059,0.0251397090695545,0.0253696467282034,0.0254586077419886,0.0253910225200057,0.0251683139665043,0.0248121231360535,0.0243675168001334,0.0239056216667137,0.0235241763845709,0.0233432353326134,0.0234927330719086,0.0240910558946259,0.0252202730572029,0.0269095888746767,0.0291356562851996,0.0318374164627099,0.0349355731386786,0.0383485531897856,0.0420024889893289,0.0458364275817076,NA,NA,NA,NA,NA,NA,NA,NA,NA,NA,NA,NA,NA
0.0456285301317543,0.0418307441293823,0.0382097126555629,0.0348250066565589,0.0317488608390812,0.0290612036478813,0.0268401125517057,0.0251464733243984,0.0240050534261754,0.023389670962634,0.0232221116848487,0.0233875403144521,0.0237584694819106,0.0242160073107363,0.0246625127073247,0.025026203065258,0.0252608506942478,0.0253433138590829,0.0252704430082473,0.0250559546811295,0.0247273313128521,0.0243225540779145,0.0238863931477392,0.0234660325974673,0.0231060209532142,0.0228429257750412,0.022700532760203,0.0226867072921772,0.0227928376777803,0.0229960660375764,0.0232636425426287,0.0235582102154242,0.0238428608226543,0.0240852215330902,0.0242603094699674,0.0243522133317502,0.0243547902554202,0.0242715619946119,0.0241149313019335,0.0239047707617663,0.0236663964336332,0.0234279523144799,0.0232173160757604,0.023058789042304,0.0229700104676453,0.0229596475687552,0.0230263585374422,0.0231592719420667,0.0233398572473032,0.0235447417980907,0.0237488911357694,0.0239286286537129,0.024064145037881,0.0241413335876034,0.024152919296389,0.0240989129505876,0.023986433430901,0.0238289291164052,0.0236448192968522,0.0234555914537636,0.0232834464884213,0.0231486840779151,0.0230671420007482,0.0230480943892987,0.0230930093547106,0.0231954291739164,0.0233419956928562,0.0235143917791127,0.0236918062714942,0.0238535007286343,0.0239811363425824,0.0240606451910289,0.0240835439478115,0.0240476617028727,0.023957285693685,0.0238227341784123,0.0236593644846744,0.0234860367363204,0.0233230969287982,0.0231900246501316,0.0231029996570168,0.0230727403414881,0.0231029996570296,0.0231900246501535,0.0233230969288229,0.0234860367363401,0.0236593644846818,0.0238227341784009,0.023957285693653,0.0240476617028211,0.0240835439477456,0.0240606451909559,0.0239811363425113,0.023853500728573,0.0236918062714498,0.0235143917790888,0.0233419956928504,0.0231954291739239,0.023093009354724,0.0230480943893097,0.023067142000751,0.0231486840779073,0.023283446488406,0.0234555914537464,0.0236448192968404,0.0238289291164059,0.0239864334309168,0.0240989129506216,0.0241529192964374,0.0241413335876616,0.0240641450379401,0.0239286286537664,0.0237488911358094,0.0235447417981148,0.0233398572473111,0.0231592719420624,0.0230263585374319,0.0229596475687427,0.022970010467635,0.0230587890422998,0.0232173160757638,0.0234279523144902,0.0236663964336509,0.0239047707617895,0.0241149313019617,0.0242715619946438,0.0243547902554528,0.0243522133317787,0.0242603094699898,0.0240852215330991,0.0238428608226478,0.0235582102153998,0.023263642542588,0.022996066037522,0.0227928376777211,0.0226867072921214,0.0227005327601587,0.0228429257750144,0.0231060209532047,0.0234660325974697,0.0238863931477475,0.0243225540779194,0.0247273313128438,0.0250559546811032,0.0252704430082003,0.0253433138590195,0.025260850694175,0.0250262030651861,0.0246625127072649,0.0242160073106927,0.0237584694818926,0.02338754031446,0.0232221116848765,0.0233896709626701,0.0240050534262078,0.0251464733244167,0.0268401125517082,0.0290612036478722,0.0317488608390702,0.0348250066565597,0.0382097126555857,0.0418307441294353,0.0456285301318465,NA,NA,NA,NA,NA,NA,NA,NA,NA,NA,NA,NA
0.0454173405359985,0.0416533146409123,0.0380629960942006,0.0347046975123936,0.0316491800203198,0.0289749047641876,0.0267588833143029,0.0250618869809777,0.0239099991171402,0.0232797832759723,0.0230965112611942,0.0232485580924823,0.0236106509054606,0.0240649491801062,0.0245138946192915,0.0248850986443664,0.0251312632211446,0.0252278619214232,0.0251701501746508,0.0249701307629302,0.0246535598292311,0.024256819985476,0.0238233942780705,0.0233997094029492,0.0230303005095058,0.0227526035788221,0.0225921303187382,0.0225590948843839,0.0226474497807477,0.0228366601345603,0.0230956935212298,0.0233881141142308,0.0236771178860276,0.0239297118459914,0.0241197122279852,0.0242295804366794,0.024251270011554,0.0241862711096605,0.0240449834927818,0.0238454800604807,0.0236116757303139,0.0233709155803538,0.023151060307364,0.0229772801985249,0.0228689408611404,0.022837098460988,0.0228831194888196,0.0229987434809258,0.0231675669571132,0.0233675892930866,0.023574272310729,0.0237635742731184,0.0239145668427515,0.0240114286032119,0.024044754593019,0.0240122011062755,0.0239185085409065,0.0237749369877433,0.0235981355238336,0.023408469625476,0.0232278698216604,0.023077346975593,0.0229744338945782,0.0229309194156096,0.0229512783326905,0.0230321174756651,0.0231627564546176,0.0233268103440252,0.0235044416645299,0.0236748695102366,0.0238187655952036,0.0239202786690645,0.0239685484929336,0.0239586588199321,0.0238920250386941,0.0237762255738114,0.0236242846064572,0.023453416784595,0.0232832704176807,0.0231337666909354,0.0230227278194337,0.0229635933163476,0.0229635933163565,0.0230227278194581,0.0231337666909683,0.0232832704177123,0.0234534167846138,0.0236242846064552,0.0237762255737824,0.0238920250386381,0.0239586588198539,0.0239685484928414,0.0239202786689689,0.0238187655951154,0.0236748695101654,0.0235044416644827,0.023326810344004,0.0231627564546181,0.0230321174756793,0.0229512783327076,0.0229309194156206,0.0229744338945761,0.0230773469755774,0.023227869821636,0.0234084696254502,0.0235981355238146,0.0237749369877407,0.0239185085409243,0.0240122011063157,0.0240447545930771,0.0240114286032837,0.0239145668428255,0.0237635742731856,0.0235742723107821,0.0233675892931212,0.0231675669571286,0.0229987434809259,0.0228831194888105,0.0228370984609756,0.0228689408611313,0.0229772801985231,0.0231510603073724,0.023370915580373,0.0236116757303436,0.0238454800605178,0.0240449834928242,0.0241862711097056,0.0242512700115978,0.0242295804367145,0.0241197122280072,0.023929711845996,0.0236771178860095,0.0233881141141915,0.0230956935211737,0.0228366601344916,0.0226474497806778,0.0225590948843216,0.0225921303186919,0.0227526035787961,0.0230303005094983,0.0233997094029515,0.0238233942780763,0.0242568199854756,0.0246535598292141,0.024970130762892,0.0251701501745908,0.0252278619213459,0.0251312632210603,0.0248850986442836,0.0245138946192215,0.0240649491800638,0.0236106509054432,0.0232485580924913,0.0230965112612233,0.0232797832760098,0.0239099991171746,0.0250618869809972,0.0267588833143061,0.0289749047641797,0.0316491800203109,0.0347046975123975,0.0380629960942305,0.0416533146409788,0.0454173405361076,NA,NA,NA,NA,NA,NA,NA,NA,NA,NA,NA
0.0452171785072989,0.0414851543662341,0.0379239274148131,0.0345906173845243,0.031554590267876,0.0288929187550831,0.0266816038842876,0.024981301929884,0.0238193325165215,0.0231748581921135,0.0229764731116351,0.0231156334623941,0.0234692077723583,0.0239203833953496,0.0243716962317319,0.0247501863837373,0.0250075361961492,0.0251178964752588,0.0250749961741859,0.0248891937384625,0.0245845814228014,0.0241959881036175,0.0237656243554321,0.0233391321306101,0.0229609582493537,0.0226692919605997,0.0224912391051076,0.0224392478924843,0.0225097677958959,0.0226845806748772,0.0229344199448777,0.0232238561428568,0.0235162925987618,0.0237782236968589,0.0239823688384991,0.0241096579285256,0.0241502237785401,0.0241035883074796,0.0239781827382378,0.0237902740540173,0.0235623171043162,0.0233207385044939,0.023093204149377,0.0229055356036284,0.0227786031130918,0.0227256721650009,0.02275072154035,0.0228481108466739,0.0230036726294338,0.0231969607519001,0.0234041545963144,0.0236010761054897,0.0237658917435127,0.0238812498855588,0.0239357610327214,0.023924824268604,0.0238508398884869,0.0237228463757272,0.0235556050421812,0.0233681504877953,0.023181848553873,0.0230180677607203,0.022895672441548,0.0228286579577014,0.0228243169240679,0.0228822926266262,0.02299472010197,0.0231474197916448,0.0233218853654592,0.0234976810815675,0.0236548623845077,0.0237761222745978,0.0238484849281686,0.0238644684407331,0.0238226995183267,0.0237279869700382,0.0235908626390928,0.0234265963920637,0.0232537041569727,0.0230920098209114,0.0229603994130895,0.0228745081652361,0.0228446725369152,0.0228745081652508,0.0229603994131144,0.0230920098209399,0.0232537041569951,0.0234265963920716,0.02359086263908,0.0237279869700022,0.0238226995182703,0.0238644684406605,0.0238484849280876,0.0237761222745184,0.0236548623844377,0.0234976810815144,0.0233218853654272,0.0231474197916331,0.0229947201019741,0.0228822926266391,0.0228243169240803,0.0228286579577062,0.0228956724415424,0.0230180677607035,0.0231818485538502,0.0233681504877723,0.0235556050421655,0.0237228463757241,0.0238508398885021,0.0239248242686376,0.0239357610327713,0.0238812498856176,0.0237658917435742,0.0236010761055455,0.0234041545963582,0.0231969607519288,0.0230036726294482,0.0228481108466753,0.0227507215403437,0.0227256721649926,0.0227786031130856,0.0229055356036294,0.0230932041493863,0.0233207385045132,0.0235623171043435,0.0237902740540513,0.0239781827382746,0.0241035883075165,0.024150223778573,0.0241096579285499,0.0239823688385093,0.0237782236968539,0.0235162925987392,0.0232238561428183,0.0229344199448275,0.0226845806748214,0.0225097677958435,0.0224392478924399,0.0224912391050763,0.0226692919605841,0.0229609582493503,0.0233391321306124,0.0237656243554359,0.0241959881036131,0.0245845814227837,0.0248891937384289,0.0250749961741388,0.0251178964752024,0.0250075361960887,0.0247501863836786,0.0243716962316849,0.0239203833953213,0.0234692077723509,0.0231156334624063,0.0229764731116608,0.0231748581921432,0.0238193325165456,0.0249813019298978,0.0266816038842901,0.0288929187550775,0.0315545902678721,0.0345906173845295,0.0379239274148376,0.0414851543662862,0.0452171785073804,NA,NA,NA,NA,NA,NA,NA,NA,NA,NA
0.045371051250232,0.0416274808320475,0.0380540355063914,0.0347076620589777,0.031657646095856,0.0289812039784951,0.0267548613962372,0.0250402911342667,0.0238662513611129,0.0232134198690525,0.0230114829511803,0.0231522231826967,0.0235120742571056,0.0239732729730571,0.0244371581573123,0.0248295028236873,0.0251007362101671,0.025223804319787,0.0251913022590811,0.0250125598098332,0.0247108041646286,0.024320251100699,0.0238828662460709,0.0234445431000871,0.0230505808690115,0.0227406462819256,0.0225438350677457,0.0224748291498608,0.0225321833467479,0.0226992937997671,0.0229477772346147,0.0232422894949905,0.0235456006482708,0.0238230127936165,0.0240456723396977,0.0241927184953477,0.0242524154764186,0.0242224628286422,0.0241096367297244,0.023928845321585,0.0237016212442371,0.0234540494216606,0.0232141577542885,0.0230088957439932,0.0228609821473965,0.0227860671245273,0.0227907360575831,0.0228717937363367,0.0230169973213937,0.0232070544143543,0.0234184259500825,0.0236263794810344,0.0238078217428292,0.0239436134382546,0.0240202396603097,0.0240308235517211,0.0239755212657438,0.0238613411998742,0.0237014148865755,0.0235137342364808,0.0233193800496171,0.0231403149758976,0.0229969044978135,0.0229054445367082,0.0228760686507088,0.0229114205068344,0.0230063672547531,0.0231488138349822,0.0233214365012501,0.0235039822615018,0.0236757329994816,0.0238177951936867,0.0239149921190023,0.0239572480719167,0.023940431389905,0.023866659635045,0.0237440775404916,0.0235861136830217,0.0234102237274161,0.023236153292336,0.0230838135441017,0.0229709562289205,0.0229109388473781,0.0229109388473892,0.0229709562289498,0.023083813544141,0.0232361532923737,0.0234102237274392,0.0235861136830205,0.0237440775404602,0.0238666596349825,0.0239404313898152,0.0239572480718088,0.023914992118887,0.0238177951935779,0.0236757329993893,0.0235039822614344,0.0233214365012113,0.0231488138349697,0.0230063672547595,0.0229114205068497,0.022876068650721,0.0229054445367093,0.0229969044977991,0.0231403149758682,0.0233193800495793,0.0235137342364427,0.0237014148865467,0.0238613411998639,0.0239755212657589,0.0240308235517625,0.0240202396603755,0.0239436134383376,0.0238078217429186,0.0236263794811211,0.0234184259501549,0.0232070544144079,0.023016997321425,0.0228717937363482,0.0227907360575816,0.0227860671245196,0.0228609821473917,0.0230088957439974,0.0232141577543086,0.023454049421697,0.0237016212442894,0.0239288453216484,0.0241096367297904,0.0242224628287066,0.0242524154764706,0.024192718495379,0.0240456723397026,0.0238230127935918,0.0235456006482185,0.0232422894949153,0.022947777234527,0.0226992937996763,0.0225321833466661,0.0224748291497962,0.022543835067703,0.0227406462819056,0.0230505808690069,0.0234445431000896,0.0238828662460724,0.0243202511006871,0.024710804164597,0.0250125598097831,0.0251913022590127,0.0252238043197072,0.0251007362100839,0.0248295028236121,0.0244371581572549,0.0239732729730238,0.0235120742571012,0.0231522231827182,0.0230114829512165,0.0232134198690954,0.0238662513611478,0.0250402911342854,0.0267548613962389,0.0289812039784861,0.0316576460958476,0.0347076620589829,0.0380540355064214,0.0416274808321133,0.0453710512503435,NA,NA,NA,NA,NA,NA,NA,NA,NA
0.0461210748551037,0.0423018154788513,0.0386551199846671,0.0352390852155099,0.0321246118180792,0.0293910377650398,0.027117425290432,0.025368029412828,0.0241735209041733,0.0235149866129915,0.0233205972357409,0.0234790453278867,0.0238629712027678,0.0243509363875799,0.0248411713920413,0.0252570201189958,0.0255471056038108,0.0256830953291222,0.0256567603952759,0.0254770281602111,0.0251671519869385,0.0247618411839382,0.0243040769816214,0.023841333015044,0.0234210393898702,0.023085421972105,0.0228662975990998,0.0227808420919541,0.0228294604610508,0.0229964472634755,0.0232532649873679,0.0235634742655533,0.0238880571646527,0.0241901214656307,0.0244384682396388,0.0246099382319041,0.0246906896326316,0.0246766201597081,0.0245731055708715,0.024394150952082,0.0241609815871841,0.0239000622739955,0.0236405482832236,0.0234112547977339,0.0232373845987929,0.0231374365435464,0.0231208418996106,0.0231868386131601,0.0233248527161506,0.0235162884976966,0.023737299343453,0.0239619589482097,0.0241653031190657,0.0243258860616051,0.0244276851449227,0.0244613254560625,0.024424662547804,0.0243227741055007,0.0241673948481852,0.0239758087844937,0.0237692104117654,0.0235705794067651,0.0234021919181412,0.0232830078937032,0.023226291471784,0.0232378782561174,0.0233154407705396,0.0234489118392758,0.0236219676029174,0.0238142520805994,0.0240039244913852,0.0241701403477366,0.02429518855188,0.0243661335897133,0.024375908986378,0.0243238607095295,0.024215754412534,0.0240632551865424,0.0238828818347207,0.0236944479116855,0.0235190443541557,0.0233767003901082,0.0232839691181966,0.023251784291805,0.0232839691182152,0.02337670039014,0.0235190443541915,0.0236944479117133,0.0238828818347318,0.0240632551865289,0.0242157544124919,0.0243238607094606,0.0243759089862877,0.0243661335896111,0.0242951885517768,0.0241701403476428,0.02400392449131,0.0238142520805478,0.0236219676028917,0.0234489118392705,0.0233154407705482,0.0232378782561304,0.0232262914717919,0.023283007893699,0.0234021919181223,0.0235705794067351,0.0237692104117279,0.0239758087844585,0.0241673948481608,0.0243227741054958,0.0244246625478223,0.0244613254561068,0.0244276851449892,0.0243258860616858,0.0241653031191522,0.0239619589482917,0.0237372993435218,0.0235162884977461,0.0233248527161791,0.0231868386131705,0.0231208418996081,0.0231374365435393,0.0232373845987901,0.0234112547977414,0.0236405482832456,0.0239000622740339,0.0241609815872359,0.0243941509521402,0.0245731055709315,0.0246766201597599,0.0246906896326688,0.0246099382319188,0.0244384682396285,0.0241901214655924,0.0238880571645945,0.0235634742654771,0.0232532649872867,0.0229964472633957,0.0228294604609815,0.0227808420919017,0.022866297599068,0.0230854219720919,0.0234210393898688,0.0238413330150472,0.0243040769816208,0.0247618411839274,0.0251671519869121,0.0254770281601701,0.0256567603952207,0.0256830953290588,0.0255471056037486,0.0252570201189426,0.024841171392007,0.0243509363875632,0.0238629712027774,0.023479045327912,0.0233205972357774,0.0235149866130282,0.0241735209042034,0.0253680294128433,0.0271174252904336,0.0293910377650318,0.0321246118180706,0.0352390852155107,0.0386551199846906,0.0423018154789041,0.0461210748551901,NA,NA,NA,NA,NA,NA,NA,NA
0.0460031782607199,0.04219992015108,0.0385672171076741,0.0351624461925604,0.0320557290591835,0.0293257341626066,0.0270512232750282,0.0252968287508996,0.024094471005305,0.0234272096911711,0.0232253734684973,0.0233793720456496,0.0237627819356621,0.0242543406647234,0.0247518930186247,0.0251780327677185,0.0254804008140176,0.0256295287812408,0.0256159517862954,0.025447314863296,0.0251456141971052,0.0247444284325701,0.0242858721158412,0.0238169843147621,0.02338536479409,0.0230341346855869,0.0227967294305999,0.0226924862297183,0.022724167776478,0.0228782068000245,0.0231276341701767,0.023436819069138,0.0237667736806986,0.024079957616107,0.0243439968051704,0.0245341848920083,0.0246349004242832,0.0246401538502795,0.0245534472745476,0.0243870559741231,0.0241607674657223,0.023900067181027,0.0236337596073644,0.0233910784177127,0.0231984753231685,0.0230764585938635,0.023037002759336,0.0230820659681238,0.0232035644123029,0.0233848076385918,0.0236030440597983,0.0238325599782905,0.0240477768515406,0.0242259427237367,0.0243492076220605,0.0244060269925707,0.0243919219461791,0.0243096492359398,0.0241688219978531,0.0239849995448038,0.0237782526280081,0.0235712281694034,0.0233867980596374,0.0232454806220855,0.0231629462183022,0.0231480064568299,0.0232014750677622,0.0233161444965351,0.0234778805373084,0.0236675926143121,0.0238636867625936,0.0240445917686362,0.0241910364358212,0.0242878830880762,0.0243254336256666,0.0243001936640835,0.0242151077517288,0.0240792784423141,0.0239071722946168,0.0237173149120798,0.0235305016661874,0.0233676126295253,0.0232472184401703,0.023183274408968,0.0231832744089636,0.023247218440158,0.0233676126295084,0.0235305016661702,0.0237173149120671,0.023907172294614,0.0240792784423242,0.0242151077517532,0.024300193664121,0.0243254336257137,0.0242878830881279,0.0241910364358723,0.0240445917686816,0.0238636867626287,0.0236675926143354,0.023477880537319,0.0233161444965362,0.023201475067758,0.0231480064568248,0.0231629462183006,0.0232454806220904,0.0233867980596493,0.0235712281694223,0.0237782526280301,0.023984999544825,0.0241688219978696,0.0243096492359474,0.0243919219461751,0.0244060269925542,0.0243492076220336,0.0242259427237012,0.0240477768514999,0.0238325599782499,0.0236030440597607,0.0233848076385621,0.0232035644122823,0.0230820659681135,0.0230370027593331,0.0230764585938643,0.0231984753231683,0.0233910784177074,0.0236337596073502,0.0239000671810039,0.0241607674656892,0.0243870559740853,0.0245534472745081,0.0246401538502438,0.024634900424259,0.0245341848919973,0.0243439968051764,0.0240799576161275,0.0237667736807322,0.0234368190691811,0.023127634170223,0.0228782068000701,0.0227241677765151,0.0226924862297452,0.0227967294306153,0.0230341346855925,0.0233853647940905,0.0238169843147618,0.0242858721158446,0.0247444284325803,0.0251456141971245,0.0254473148633246,0.0256159517863293,0.0256295287812768,0.0254804008140539,0.0251780327677473,0.024751893018644,0.0242543406647297,0.023762781935654,0.0233793720456346,0.0232253734684769,0.0234272096911499,0.0240944710052888,0.0252968287508925,0.0270512232750285,0.0293257341626108,0.0320557290591856,0.0351624461925586,0.0385672171076597,0.0421999201510528,0.0460031782606787,NA,NA,NA,NA,NA,NA,NA
0.0457623306343036,0.0420028072220264,0.0384103792583598,0.0350408915626438,0.0319625898377563,0.0292521300409525,0.0269865519956974,0.0252297388691594,0.0240145687793919,0.0233270397283478,0.0231017799847757,0.0232335988162955,0.0235994716703766,0.0240801108679809,0.0245740498916578,0.0250036239395009,0.0253155720819963,0.0254790866290933,0.0254830542939876,0.025333252774114,0.0250496782955328,0.0246638865700376,0.0242161001553259,0.0237518061528932,0.0233176461738776,0.0229566288717012,0.022703086063024,0.0225782352125988,0.0225874388603549,0.0227199967197039,0.0229515757906452,0.0232485597797189,0.0235731505442754,0.0238881457563675,0.0241607450848341,0.0243651884286258,0.0244843187388725,0.0245102685256202,0.0244444555274618,0.0242970074438616,0.0240856637934163,0.0238341514994242,0.0235700189457203,0.0233219588215561,0.0231167634443589,0.0229762220672324,0.0229144285465271,0.0229360239155163,0.0230357727813491,0.0231995748976889,0.0234066631642506,0.023632493784391,0.0238517806746936,0.024041237740809,0.0241817742364285,0.0242600511626688,0.0242694076912703,0.0242102054633275,0.0240896357082312,0.0239210136103499,0.0237225676262797,0.023515736875151,0.0233230320949509,0.0231656008370487,0.0230607519745296,0.0230197971064101,0.0230465966771519,0.0231371094899486,0.0232800424333528,0.0234584543549602,0.0236519820069559,0.023839289685079,0.0240003935813988,0.024118624362502,0.0241821077577607,0.0241847264544433,0.0241265684459925,0.0240138761887718,0.023858503585499,0.0236768811820687,0.0234885005127215,0.0233139700713529,0.0231727736790109,0.0230809656157491,0.0230491303528576,0.0230809656156623,0.0231727736788585,0.0233139700711734,0.0234885005125655,0.0236768811819885,0.0238585035855368,0.0240138761889509,0.0241265684463117,0.0241847264548765,0.0241821077582642,0.0241186243630219,0.0240003935818795,0.0238392896854737,0.0236519820072355,0.0234584543551162,0.0232800424333996,0.0231371094899196,0.0230465966770912,0.0230197971063634,0.0230607519745334,0.0231656008371211,0.0233230320950918,0.0235157368753393,0.0237225676264804,0.0239210136105242,0.0240896357083409,0.0242102054633415,0.0242694076911732,0.024260051162462,0.0241817742361283,0.0240412377404465,0.0238517806743103,0.0236324937840279,0.0234066631639454,0.0231995748974661,0.023035772781216,0.0229360239154632,0.0229144285465283,0.0229762220672514,0.0231167634443549,0.0233219588214961,0.0235700189455842,0.0238341514992119,0.024085663793144,0.0242970074435581,0.0244444555271642,0.0245102685253661,0.0244843187386953,0.0243651884285491,0.0241607450848751,0.023888145756525,0.023573150544534,0.0232485597800474,0.022951575791002,0.0227199967200444,0.0225874388606363,0.0225782352127984,0.0227030860631353,0.0229566288717401,0.0233176461738731,0.0237518061528819,0.0242161001553425,0.0246638865701066,0.0250496782956687,0.0253332527743135,0.0254830542942392,0.0254790866293688,0.0253155720822705,0.0250036239397393,0.0245740498918309,0.0240801108680668,0.0235994716703646,0.0232335988162028,0.0231017799846356,0.0233270397282022,0.0240145687792807,0.0252297388691059,0.0269865519957005,0.0292521300409856,0.0319625898377841,0.0350408915626239,0.0384103792582563,0.0420028072218137,0.0457623306339593,NA,NA,NA,NA,NA,NA
0.045616453583207,0.0418789307728482,0.0383062410277008,0.0349533584596921,0.0318875345219189,0.0291844720623702,0.0269205774708671,0.0251597950021484,0.0239360752910076,0.0232374816719385,0.0230011979191649,0.0231243395303342,0.0234854154793803,0.0239657898579629,0.0244639298728705,0.0249016079605178,0.0252246742408836,0.0254012129083184,0.0254188518438533,0.0252820161108121,0.0250093216867049,0.0246310072578964,0.0241861674782005,0.023719513236362,0.023277444928296,0.0229034260702968,0.0226330094533895,0.0224893094474059,0.0224799889893524,0.0225966575188109,0.0228169092863903,0.0231084008785875,0.0234338492049508,0.0237558477123297,0.0240407912989169,0.0242616579631126,0.0243997090414016,0.0244452994650838,0.0243979896074556,0.0242660900359537,0.0240656981164689,0.0238192286914595,0.0235534186788175,0.0232968149200109,0.0230768493334877,0.0229167591653589,0.0228327768909977,0.022832106377623,0.0229121300621382,0.0230610370957887,0.0232597164445093,0.0234844769529348,0.0237100508455273,0.0239124107479691,0.0240711004076558,0.0241709509376101,0.0242031720363775,0.0241658612453496,0.0240639802630131,0.023908829173269,0.0237170287585148,0.0235090162890294,0.0233070870431285,0.0231330821854079,0.023005928652605,0.022939348511354,0.0229401193563535,0.0230072276389233,0.0231320960320799,0.0232998317572274,0.0234912283350714,0.0236851395802167,0.0238608536372328,0.0240001888662414,0.0240891521619282,0.0241190974646058,0.024087379110914,0.0239975145597869,0.0238588677746799,0.0236858547026475,0.0234966721566732,0.0233115758842022,0.0231507929758484,0.0230322462300939,0.0229693707613762,0.0229693707613593,0.0230322462300464,0.0231507929757825,0.023311575884134,0.0234966721566225,0.0236858547026337,0.0238588677747155,0.0239975145598781,0.0240873791110557,0.0241190974647867,0.0240891521621299,0.0240001888664416,0.0238608536374114,0.0236851395803571,0.0234912283351652,0.0232998317572731,0.0231320960320866,0.0230072276389064,0.0229401193563307,0.0229393485113423,0.0230059286526162,0.0231330821854453,0.0233070870431894,0.0235090162891033,0.0237170287585882,0.023908829173328,0.0240639802630433,0.0241658612453428,0.02420317203633,0.0241709509375243,0.0240711004075384,0.0239124107478319,0.0237100508453848,0.0234844769528013,0.023259716444397,0.0230610370957061,0.0229121300620886,0.0228321063776027,0.022832776890997,0.0229167591653633,0.0230768493334818,0.0232968149199809,0.0235534186787549,0.0238192286913638,0.0240656981163472,0.0242660900358166,0.0243979896073212,0.0244452994649707,0.0243997090413243,0.024261657963084,0.0240407912989431,0.0237558477124091,0.0234338492050746,0.0231084008787385,0.02281690928655,0.0225966575189566,0.0224799889894694,0.0224893094474852,0.022633009453431,0.0229034260703098,0.0232774449282921,0.0237195132363584,0.0241861674782103,0.0246310072579297,0.0250093216867639,0.0252820161108977,0.0254188518439594,0.0254012129084355,0.0252246742410004,0.0249016079606184,0.0244639298729403,0.023965789857994,0.0234854154793735,0.023124339530294,0.0230011979191051,0.023237481671874,0.0239360752909601,0.0251597950021269,0.0269205774708693,0.0291844720623854,0.0318875345219317,0.0349533584596851,0.0383062410276546,0.041878930772754,0.0456164535830546,NA,NA,NA,NA,NA
0.0454201175664384,0.041712649119463,0.0381673763312539,0.0348382076733994,0.0317911356419245,0.029100579931476,0.0268419496902465,0.0250789321972674,0.0238464060670446,0.0231346496561828,0.0228838626762659,0.0229941113882234,0.0233460803444322,0.0238222948110557,0.0243214960753866,0.0247650877568439,0.0250981165932716,0.025287566762695,0.0253197566163846,0.0251976575515983,0.0249383555906638,0.024570572109505,0.0241320210261783,0.0236663343350353,0.0232193324165905,0.0228345899078036,0.0225485822395497,0.0223861281786468,0.0223571537415331,0.0224557110678927,0.0226615968676531,0.0229440996449608,0.0232668301559025,0.0235925263328628,0.0238870680285851,0.0241223903426904,0.0242783192217458,0.0243435066419013,0.0243156591584399,0.024201201079408,0.0240144426001872,0.0237762631448425,0.0235122893065488,0.023250561847359,0.0230187620832179,0.0228412054505987,0.0227359759981359,0.0227126937682035,0.0227713853942048,0.0229027238971084,0.0230895773988844,0.0233095011454651,0.0235376526283336,0.0237496387628314,0.0239239534139889,0.0240438376634406,0.0240985272314495,0.0240839205644782,0.0240027179723163,0.0238640688517623,0.0236827420511307,0.0234778221981061,0.0232709482645511,0.0230841619403649,0.0229375242863253,0.0228467705627575,0.0228213600418227,0.0228632822931948,0.0229668683738004,0.0231196461437336,0.0233040520562354,0.0234996572222389,0.0236855294934076,0.0238424188902983,0.0239545663151658,0.0240110420213267,0.0240065919133347,0.0239420023336376,0.0238239979295547,0.0236646778411598,0.0234804885900983,0.0232907426739124,0.0231157325392139,0.0229745652542498,0.0228829424487365,0.0228511989643097,0.0228829424487454,0.0229745652542639,0.0231157325392281,0.0232907426739198,0.0234804885900936,0.0236646778411397,0.0238239979295197,0.0239420023335902,0.0240065919132793,0.0240110420212705,0.0239545663151162,0.0238424188902605,0.0236855294933846,0.0234996572222314,0.0233040520562419,0.0231196461437493,0.0229668683738189,0.0228632822932133,0.0228213600418348,0.0228467705627604,0.0229375242863182,0.0230841619403508,0.0232709482645352,0.0234778221980937,0.023682742051128,0.0238640688517737,0.0240027179723428,0.0240839205645204,0.0240985272315026,0.0240438376634985,0.0239239534140445,0.0237496387628795,0.0235376526283656,0.0233095011454806,0.0230895773988835,0.0229027238970949,0.022771385394185,0.0227126937681838,0.0227359759981228,0.0228412054505949,0.0230187620832221,0.0232505618473669,0.0235122893065561,0.023776263144841,0.0240144426001759,0.0242012010793811,0.0243156591584007,0.0243435066418504,0.0242783192216912,0.0241223903426376,0.0238870680285416,0.0235925263328329,0.0232668301558917,0.0229440996449656,0.0226615968676711,0.0224557110679193,0.0223571537415602,0.0223861281786715,0.0225485822395656,0.0228345899078089,0.023219332416588,0.0236663343350277,0.0241320210261706,0.0245705721095023,0.0249383555906659,0.0251976575516106,0.0253197566164053,0.0252875667627242,0.0250981165933071,0.0247650877568775,0.0243214960754176,0.0238222948110785,0.0233460803444429,0.0229941113882251,0.0228838626762591,0.0231346496561717,0.0238464060670344,0.0250789321972616,0.0268419496902458,0.0291005799314803,0.0317911356419265,0.0348382076734007,0.0381673763312437,0.0417126491194414,0.0454201175663995,NA,NA,NA,NA
0.0454029910414345,0.0417451087860754,0.038245537793561,0.034956111385215,0.0319401435480961,0.0292689706699824,0.0270150369786336,0.0252401595641966,0.0239796870594747,0.0232274953950585,0.0229299809805348,0.0229942015689583,0.0233066971631735,0.0237537209002609,0.0242356412302077,0.02467390104916,0.0250125351636256,0.0252168460276762,0.0252710266788949,0.0251756067909335,0.0249449987243101,0.0246051049142861,0.0241908003778714,0.0237430517669328,0.0233054645128195,0.0229201912948125,0.0226234163175031,0.0224410078754982,0.0223852366068656,0.0224534434175535,0.0226290863473964,0.0228848793061775,0.0231871533460208,0.0235004135701643,0.0237913072415059,0.0240316202816028,0.0242002546561249,0.0242843184946502,0.0242795046999921,0.0241899004711448,0.024027309517634,0.0238101118016866,0.023561651329235,0.023308146169937,0.0230761702904614,0.0228898680597235,0.0227682079216705,0.0227227033562146,0.0227560463309663,0.0228619576292335,0.0230262872032289,0.0232291062682713,0.0234473462027505,0.0236575152873399,0.0238381301450436,0.0239716541355377,0.0240458698966701,0.0240546957945135,0.023998487427351,0.0238838625680822,0.0237230708092744,0.0235329152485099,0.0233332379128424,0.0231450155020855,0.0229881826222267,0.0228793959240036,0.0228300423638892,0.0228448292664233,0.0229212314714316,0.0230499102293301,0.0232160118989004,0.0234010822412601,0.0235852539881463,0.0237493888779542,0.0238769431415913,0.0239554272558725,0.0239774109232522,0.0239410698101986,0.023850285781259,0.0237143093504212,0.0235469859617369,0.0233655503491215,0.0231890180209251,0.0230362577523858,0.022923910809645,0.022864410487456,0.0228644104875085,0.02292391080979,0.023036257752587,0.023189018021127,0.0233655503492636,0.0235469859617625,0.023714309350291,0.0238502857809587,0.023941069809744,0.0239774109226833,0.0239554272552488,0.0238769431409811,0.0237493888774223,0.0235852539877437,0.0234010822410131,0.0232160118988047,0.0230499102293526,0.022921231471519,0.022844829266518,0.0228300423639427,0.0228793959239892,0.0229881826221407,0.0231450155019454,0.0233332379126796,0.0235329152483637,0.0237230708091803,0.023883862568068,0.0239984874274302,0.0240546957946826,0.0240458698969119,0.023971654135824,0.023838130145344,0.0236575152876262,0.0234473462029989,0.0232291062684685,0.023026287203367,0.0228619576293144,0.0227560463309982,0.0227227033562142,0.0227682079216583,0.022889868059721,0.0230761702904911,0.0233081461700131,0.0235616513293662,0.0238101118018716,0.0240273095178635,0.0241899004713994,0.0242795047002457,0.0242843184948693,0.0242002546562828,0.0240316202816719,0.0237913072414748,0.0235004135700371,0.0231871533458134,0.0228848793059229,0.0226290863471281,0.0224534434173054,0.022385236606667,0.0224410078753632,0.0226234163174332,0.0229201912947966,0.0233054645128378,0.023743051766965,0.0241908003778951,0.0246051049142778,0.0249449987242536,0.0251756067908189,0.0252710266787217,0.0252168460274515,0.0250125351633737,0.0246739010489134,0.0242356412299959,0.0237537209001168,0.0233066971631108,0.0229942015689759,0.0229299809806106,0.0232274953951569,0.0239796870595587,0.0252401595642387,0.0270150369786265,0.029268970669944,0.0319401435480613,0.0349561113852219,0.0382455377936493,0.0417451087862788,0.0454029910417726,NA,NA,NA
0.0451888937530135,0.0415938052835308,0.0381526709047796,0.0349151774828697,0.0319418956470054,0.0293010191215069,0.0270619476636791,0.0252844679975968,0.0240040939778608,0.0232178714947181,0.0228780090047876,0.0228984234547141,0.0231717062128947,0.0235882684357517,0.0240506176359844,0.024480718634594,0.0248219992119017,0.0250383999721858,0.0251122338289474,0.025041773413101,0.0248388933127115,0.024526770388166,0.0241374902326934,0.0237093489849925,0.0232836575294622,0.0229009696251784,0.022596891632738,0.0223979616998356,0.0223183780912203,0.0223583994891076,0.0225048988267655,0.022733934890886,0.0230146381791598,0.023313480000968,0.023598143779181,0.0238405613524677,0.0240190020032618,0.0241192993299946,0.0241353693161543,0.0240691585882318,0.0239301123568916,0.0237341989786626,0.0235024920628043,0.0232593061145464,0.0230299205746154,0.0228380158341965,0.0227030702960457,0.0226380860835406,0.0226480544265794,0.0227294831998475,0.0228710915576816,0.0230555097416724,0.0232616186061641,0.0234670959206781,0.0236507993436747,0.023794747108702,0.0238855889035744,0.0239155511869744,0.0238828853575646,0.023791855080623,0.0236522879917783,0.0234787034777798,0.0232890266066065,0.0231029204955222,0.0229398225848911,0.0228168506231393,0.0227468300913669,0.0227367471688019,0.0227869086650872,0.0228909761647324,0.0230368647324295,0.0232083219075836,0.023386894327574,0.0235539735826161,0.0236926712052369,0.0237893626706647,0.0238348232859424,0.0238249345766107,0.0237609658581281,0.0236494402918564,0.023501589961813,0.0233324029789378,0.0231592791334288,0.0230003483250527,0.0228725700542242,0.0227898115495818,0.0227611688473326,0.022789811549993,0.0228725700549375,0.0230003483258718,0.023159279134111,0.0233324029792437,0.0235015899615537,0.0236494402909315,0.0237609658565463,0.0238249345744911,0.0238348232834939,0.0237893626681518,0.0236926712029325,0.0235539735807547,0.0233868943263102,0.0232083219069572,0.0230368647323583,0.0228909761650339,0.0227869086655276,0.0227367471691609,0.0227468300914897,0.0228168506229647,0.0229398225844516,0.0231029204949208,0.0232890266059895,0.0234787034773019,0.0236522879915727,0.0237918550807759,0.0238828853580966,0.0239155511878421,0.0238855889046861,0.0237947471099364,0.0236507993449097,0.0234670959218063,0.0232616186071081,0.0230555097423858,0.0228710915581518,0.0227294832000939,0.0226480544266474,0.022638086083503,0.022703070295991,0.0228380158342175,0.0230299205747928,0.0232593061149363,0.023502492063426,0.0237341989794937,0.0239301123578697,0.0240691585892508,0.0241353693170776,0.0241192993306839,0.0240190020036003,0.0238405613523925,0.0235981437786918,0.0233134800001312,0.0230146381780908,0.0227339348897308,0.0225048988256733,0.0223583994881973,0.0223183780905657,0.0223979616994453,0.0225968916325682,0.0229009696251532,0.0232836575295001,0.0237093489850196,0.0241374902326478,0.0245267703880031,0.0248388933124007,0.0250417734126312,0.0251122338283341,0.0250383999714701,0.0248219992111553,0.0244807186339021,0.0240506176354262,0.0235882684353997,0.023171706212784,0.0228984234548294,0.0228780090050646,0.0232178714950513,0.0240040939781323,0.0252844679977276,0.0270619476636507,0.0293010191213769,0.0319418956468892,0.0349151774829032,0.038152670905091,0.0415938052842265,0.045188893754168,NA,NA
0.0455589422336455,0.0419271590988485,0.0384499526198587,0.0351773907224891,0.0321706496022424,0.0294988264697048,0.0272325616134195,0.0254331462090969,0.0241375906939607,0.0233439716053126,0.0230046283987905,0.0230325915909335,0.0233188213151762,0.0237517968659045,0.024232149506034,0.0246801980700089,0.025037992370917,0.025268339837463,0.0253526328620727,0.0252884196393026,0.0250870539063841,0.0247714283237587,0.024373637165757,0.0239323497168699,0.023489683963432,0.0230874714580031,0.0227630302157823,0.0225448986472076,0.0224493085367843,0.0224782713565757,0.0226198515485526,0.0228505766412884,0.0231393129901775,0.023451646594131,0.0237539267668152,0.0240164800421635,0.0242158514699039,0.0243361517624867,0.0243696711152252,0.0243169109754715,0.0241861345161978,0.0239924796980154,0.0237566359462959,0.0235030710215615,0.0232578220187512,0.0230459430703941,0.0228888261109348,0.0228017439273409,0.0227920398699262,0.0228583376452218,0.022990949436982,0.0231733852805739,0.0233846279216949,0.0236017290149671,0.0238023194001211,0.0239667530438264,0.0240797465172009,0.0241314830500873,0.0241182069320791,0.0240423488846865,0.0239122133773366,0.0237412420230053,0.0235468581214447,0.0233489090201084,0.0231677649453788,0.023022206847481,0.022927327191396,0.0228927420354156,0.0229214246780965,0.0230093894518724,0.0231462896283936,0.0233168027524411,0.0235025328373169,0.023684107148472,0.0238431824473474,0.0239641627332412,0.0240355230809854,0.0240507032985464,0.0240085723179279,0.0239134749448147,0.0237748683123515,0.0236065488743235,0.0234254744138318,0.0232502103264624,0.0230990819982069,0.0229881918334365,0.0229295404034604,0.0229295404034828,0.0229881918334998,0.0230990819982933,0.023250210326547,0.0234254744138898,0.0236065488743315,0.0237748683122935,0.0239134749446849,0.0240085723177329,0.0240507032983022,0.024035523080717,0.0239641627329771,0.0238431824471155,0.0236841071482942,0.0235025328372054,0.023316802752395,0.023146289628399,0.0230093894519087,0.0229214246781394,0.0228927420354442,0.0229273271913975,0.0230222068474515,0.0231677649453254,0.0233489090200434,0.0235468581213818,0.0237412420229608,0.0239122133773217,0.024042348884706,0.0241182069321341,0.0241314830501714,0.0240797465173035,0.0239667530439356,0.0238023194002275,0.0236017290150623,0.023384627921774,0.0231733852806336,0.022990949437022,0.022858337645245,0.0227920398699355,0.0228017439273419,0.0228888261109342,0.0230459430703983,0.0232578220187659,0.0235030710215936,0.0237566359463472,0.0239924796980873,0.0241861345162852,0.0243169109755665,0.0243696711153164,0.0243361517625619,0.0242158514699537,0.0240164800421819,0.0237539267668026,0.0234516465940892,0.0231393129901128,0.0228505766412129,0.022619851548474,0.0224782713565058,0.0224493085367288,0.0225448986471713,0.0227630302157638,0.0230874714580017,0.0234896839634421,0.0239323497168855,0.0243736371657721,0.0247714283237669,0.0250870539063777,0.0252884196392788,0.0253526328620312,0.0252683398374031,0.0250379923708465,0.0246801980699345,0.0242321495059653,0.0237517968658471,0.0233188213151402,0.0230325915909186,0.0230046283987956,0.0233439716053292,0.0241375906939796,0.0254331462091066,0.0272325616134156,0.0294988264696923,0.0321706496022272,0.0351773907224866,0.0384499526198774,0.0419271590989071,0.0455589422337456,NA
0.0460071124935176,0.042333873476697,0.0388159923281869,0.035503944328183,0.0324595371199385,0.0297527959097025,0.0274556281800453,0.0256308684641041,0.0243170875063188,0.0235134822051726,0.0231726155493389,0.0232066883001281,0.0235050239931017,0.0239541055424716,0.0244525873095285,0.0249190306243562,0.0252940021504116,0.0255390851506415,0.0256346758420306,0.0255775349672213,0.0253784405222303,0.0250599492553768,0.0246541115034359,0.0241999146224907,0.0237402292621434,0.0233181204486029,0.0229725990917456,0.0227342274423583,0.022621346301147,0.0226378418463955,0.0227731170635708,0.0230043117041306,0.0233001438032972,0.0236253901041213,0.0239451018461512,0.0242280029763508,0.0244488920127416,0.0245901159274069,0.0246422830280341,0.0246043785174178,0.0244833956930553,0.0242935351791303,0.0240549755550655,0.023792195429561,0.023531842917103,0.0233002155715942,0.0231205322546722,0.0230103206001399,0.0229793472150564,0.0230285062736177,0.023149917050822,0.0233282063174556,0.0235426820819653,0.0237699532743052,0.0239865542859912,0.0241712500114178,0.0243068476329567,0.0243814643694305,0.0243892714664518,0.0243307584711343,0.0242125553068339,0.0240468309869665,0.0238502725951838,0.0236426498997861,0.023445001068614,0.0232775392096437,0.0231574705097127,0.0230970048583451,0.0231018837528084,0.0231707056069141,0.023295186956212,0.0234613021354065,0.0236510689526798,0.0238446565444966,0.0240224997371798,0.0241671816784637,0.0242649453078645,0.0243067768255792,0.0242890545585404,0.0242137759591152,0.0240883742201914,0.0239251269227653,0.0237401549234097,0.0235520222753377,0.0233799869548174,0.0232420201589106,0.0231527975668279,0.0231219395387428,0.0231527975668661,0.0232420201589761,0.0233799869548916,0.0235520222753985,0.0237401549234371,0.0239251269227428,0.0240883742201111,0.024213775958977,0.0242890545583546,0.0243067768253637,0.0242649453076417,0.0241671816782578,0.0240224997370117,0.0238446565443796,0.0236510689526183,0.0234613021353937,0.0232951869562332,0.0231707056069508,0.0231018837528418,0.0230970048583608,0.0231574705097042,0.0232775392096123,0.0234450010685674,0.0236426498997346,0.0238502725951395,0.0240468309869394,0.0242125553068303,0.0243307584711582,0.0243892714664985,0.0243814643694945,0.0243068476330306,0.0241712500114929,0.0239865542860648,0.0237699532743706,0.0235426820820196,0.0233282063174979,0.023149917050852,0.0230285062736366,0.0229793472150657,0.0230103206001423,0.0231205322546718,0.0233002155715958,0.0235318429171133,0.0237921954295869,0.0240549755551091,0.0242935351791932,0.024483395693133,0.0246043785175017,0.0246422830281162,0.0245901159274757,0.024448892012789,0.024228002976369,0.0239451018461419,0.0236253901040882,0.023300143803244,0.0230043117040679,0.0227731170635074,0.0226378418463395,0.022621346301105,0.0227342274423305,0.0229725990917339,0.0233181204486044,0.0237402292621514,0.0241999146225014,0.0246541115034458,0.0250599492553778,0.0253784405222189,0.0255775349671958,0.0256346758419956,0.0255390851505983,0.0252940021503632,0.0249190306243027,0.0244525873094821,0.0239541055424333,0.0235050239930755,0.0232066883001198,0.0231726155493433,0.023513482205185,0.0243170875063316,0.0256308684641103,0.0274556281800424,0.0297527959096938,0.0324595371199285,0.0355039443281832,0.0388159923282002,0.0423338734767348,0.0460071124935877
